9.262	-93.00
9.265	-92.45
9.270	-91.90
9.273	-91.25
9.278	-90.83
9.282	-90.29
9.287	-89.72
9.290	-89.06
9.295	-88.86
9.298	-88.02
9.303	-87.27
9.307	-86.53
9.312	-85.90
9.315	-85.24
9.320	-84.45
9.323	-83.67
9.327	-82.90
9.332	-82.06
9.335	-81.57
9.340	-80.90
9.343	-79.88
9.348	-78.99
9.352	-78.09
9.357	-77.17
9.360	-76.13
9.365	-75.43
9.368	-74.20
9.373	-73.12
9.377	-72.07
9.382	-71.22
9.385	-70.10
9.390	-69.06
9.393	-68.12
9.398	-66.95
9.402	-65.90
9.407	-64.99
9.410	-63.90
9.415	-62.65
9.418	-61.86
9.423	-60.60
9.427	-59.39
9.432	-58.20
9.435	-56.97
9.440	-55.56
9.443	-54.25
9.448	-53.14
9.452	-51.90
9.457	-50.52
9.460	-49.49
9.465	-47.99
9.468	-46.66
9.473	-45.50
9.477	-43.95
9.482	-42.83
9.485	-41.24
9.490	-39.80
9.493	-38.75
9.498	-37.10
9.502	-35.74
9.507	-34.28
9.510	-32.93
9.515	-31.21
9.518	-29.93
9.523	-28.20
9.527	-26.90
9.532	-25.21
9.535	-23.77
9.540	-22.07
9.543	-20.72
9.548	-19.06
9.552	-17.29
9.557	-15.89
9.560	-14.10
9.565	-12.57
9.568	-10.98
9.573	-9.089
9.577	-7.722
9.582	-6.013
9.585	-4.377
9.590	-2.473
9.593	-0.946
9.598	0.929
9.602	2.750
9.607	4.118
9.610	6.021
9.615	7.886
9.618	9.675
9.623	11.37
9.627	13.05
9.632	14.93
9.635	16.54
9.640	18.53
9.643	20.33
9.648	22.03
9.652	23.87
9.657	25.73
9.660	27.79
9.665	29.34
9.668	31.06
9.673	32.98
9.677	34.85
9.682	36.74
9.685	38.57
9.690	40.75
9.693	42.26
9.698	44.08
9.702	45.96
9.707	47.98
9.710	49.78
9.715	51.82
9.718	53.68
9.723	55.75
9.727	57.26
9.732	59.14
9.735	61.01
9.740	62.90
9.743	64.91
9.748	66.87
9.752	68.46
9.757	70.26
9.760	72.07
9.765	74.08
9.768	75.93
9.773	77.71
9.777	79.76
9.782	81.76
9.785	83.46
9.790	85.30
9.793	87.07
9.798	88.95
9.802	90.72
9.807	92.61
9.810	94.68
9.815	96.59
9.818	98.33
9.823	100.1
9.827	101.8
9.832	103.8
9.835	105.6
9.840	107.3
9.843	109.0
9.848	110.9
9.852	112.7
9.857	114.6
9.860	116.4
9.863	118.0
9.868	119.6
9.872	121.4
9.877	123.0
9.880	124.9
9.885	126.6
9.888	128.2
9.893	129.9
9.897	131.7
9.902	133.2
9.905	135.0
9.910	136.4
9.913	137.9
9.918	139.7
9.922	141.2
9.927	142.9
9.930	144.2
9.935	145.8
9.938	147.2
9.943	148.8
9.947	150.1
9.952	151.2
9.955	152.8
9.960	154.0
9.963	155.6
9.968	157.0
9.972	158.2
9.977	159.6
9.980	161.0
9.985	162.2
9.988	163.4
9.993	164.7
9.997	166.0
10.002	167.0
10.005	168.1
10.010	169.1
10.013	170.3
10.018	171.2
10.022	172.2
10.027	173.1
10.030	174.1
10.035	175.1
10.038	176.1
10.043	177.0
10.047	177.9
10.052	178.9
10.055	179.7
10.060	180.5
10.063	181.1
10.068	182.1
10.072	182.9
10.077	183.7
10.080	184.4
10.085	184.9
10.088	185.8
10.093	186.2
10.097	187.0
10.102	187.4
10.105	187.9
10.110	188.5
10.113	189.1
10.118	189.3
10.122	189.9
10.127	190.2
10.130	190.7
10.135	191.0
10.138	191.2
10.143	191.7
10.147	192.0
10.152	192.0
10.155	192.1
10.160	192.3
10.163	192.2
10.168	192.3
10.172	192.4
10.177	192.3
10.180	192.2
10.185	192.2
10.188	192.1
10.193	192.0
10.197	192.0
10.202	191.9
10.205	191.9
10.210	191.6
10.213	191.3
10.218	191.1
10.222	190.9
10.227	190.6
10.230	190.1
10.235	190.0
10.238	189.4
10.243	189.0
10.247	188.7
10.252	188.1
10.255	187.7
10.260	187.1
10.263	186.3
10.268	185.9
10.272	185.2
10.277	184.6
10.280	184.0
10.285	183.1
10.288	182.3
10.293	181.7
10.297	181.0
10.302	180.1
10.305	179.2
10.310	178.2
10.313	177.3
10.318	176.2
10.322	175.2
10.327	174.1
10.330	173.1
10.335	172.1
10.338	171.1
10.343	170.0
10.347	168.9
10.352	168.0
10.355	166.8
10.360	165.8
10.363	164.6
10.368	163.8
10.372	162.4
10.377	161.1
10.380	159.9
10.385	158.7
10.388	157.3
10.393	156.0
10.397	154.6
10.402	153.3
10.405	152.0
10.410	150.7
10.413	149.1
10.417	147.8
10.422	146.2
10.425	144.9
10.430	143.5
10.433	141.9
10.438	140.4
10.442	138.9
10.447	137.1
10.450	135.7
10.455	134.1
10.458	132.6
10.463	131.1
10.467	129.4
10.472	127.8
10.475	126.1
10.480	124.4
10.483	122.8
10.488	121.0
10.492	119.2
10.497	117.3
10.500	115.8
10.505	114.1
10.508	112.1
10.513	110.6
10.517	108.9
10.522	107.1
10.525	105.3
10.530	103.6
10.533	101.8
10.538	100.2
10.542	98.14
10.547	96.29
10.550	94.49
10.555	92.72
10.558	90.85
10.563	89.03
10.567	87.16
10.572	85.14
10.575	83.30
10.580	81.51
10.583	79.83
10.588	77.91
10.592	76.07
10.597	74.13
10.600	72.21
10.605	70.33
10.608	68.57
10.613	66.86
10.617	64.99
10.622	63.08
10.625	61.17
10.630	59.41
10.633	57.27
10.638	55.54
10.642	53.71
10.647	51.99
10.650	50.07
10.655	48.13
10.658	46.32
10.663	44.23
10.667	42.67
10.672	40.92
10.675	39.04
10.680	37.01
10.683	35.29
10.688	33.30
10.692	31.73
10.697	30.03
10.700	28.09
10.705	26.16
10.708	24.38
10.713	22.43
10.717	20.93
10.722	18.94
10.725	17.21
10.730	15.63
10.733	13.94
10.738	12.12
10.742	10.47
10.747	8.745
10.750	7.009
10.755	5.539
10.758	3.943
10.763	2.100
10.767	0.384
10.772	-1.138
10.775	-2.975
10.780	-4.478
10.783	-6.083
10.788	-7.769
10.792	-9.135
10.797	-10.98
10.800	-12.62
10.805	-14.05
10.808	-15.83
10.813	-17.29
10.817	-18.86
10.822	-20.22
10.825	-21.90
10.830	-23.21
10.833	-24.89
10.838	-26.27
10.842	-27.76
10.847	-29.12
10.850	-30.68
10.855	-32.05
10.858	-33.60
10.863	-35.09
10.867	-36.48
10.872	-37.82
10.875	-39.09
10.880	-40.41
10.883	-41.84
10.888	-43.24
10.892	-44.29
10.897	-45.65
10.900	-47.00
10.905	-48.11
10.908	-49.52
10.913	-50.95
10.917	-52.01
10.922	-53.19
10.925	-54.36
10.930	-55.72
10.933	-56.72
10.938	-57.98
10.942	-59.22
10.947	-60.05
10.950	-61.06
10.953	-62.29
10.958	-63.15
10.962	-64.16
10.967	-65.14
10.970	-66.26
10.975	-67.13
10.978	-68.12
10.983	-69.13
10.987	-70.13
10.992	-71.06
10.995	-71.94
11.000	-72.97
11.003	-73.83
11.008	-74.82
11.012	-75.68
11.017	-76.72
11.020	-77.42
11.025	-78.10
11.028	-78.94
11.033	-79.81
11.037	-80.55
11.042	-81.41
11.045	-81.95
11.050	-82.77
11.053	-83.43
11.058	-83.93
11.062	-84.80
11.067	-85.17
11.070	-85.97
11.075	-86.33
11.078	-86.93
11.083	-87.69
11.087	-88.08
11.092	-88.71
11.095	-89.09
11.100	-89.66
11.103	-90.16
11.108	-90.44
11.112	-90.97
11.117	-91.36
11.120	-91.65
11.125	-92.09
11.128	-92.28
11.133	-92.88
11.137	-93.02
11.142	-93.43
11.145	-93.69
11.150	-93.97
11.153	-94.10
11.158	-94.29
11.162	-94.36
11.167	-94.69
11.170	-94.88
11.175	-95.08
11.178	-95.14
11.183	-95.20
11.187	-95.31
11.192	-95.34
11.195	-95.24
11.200	-95.19
11.203	-95.19
11.208	-95.14
11.212	-95.15
11.217	-95.12
11.220	-95.06
11.225	-95.06
11.228	-95.00
11.233	-94.95
11.237	-94.89
11.242	-94.87
11.245	-94.82
11.250	-94.55
11.253	-94.64
11.258	-94.24
11.262	-94.08
11.267	-93.90
11.270	-93.70
11.275	-93.23
11.278	-93.05
11.283	-92.70
11.287	-92.28
11.292	-91.92
11.295	-91.84
11.300	-91.28
11.303	-90.83
11.308	-90.26
11.312	-89.86
11.317	-89.15
11.320	-88.85
11.325	-88.22
11.328	-87.88
11.333	-87.15
11.337	-86.75
11.342	-86.10
11.345	-85.35
11.350	-84.82
11.353	-84.19
11.358	-83.52
11.362	-83.02
11.367	-82.17
11.370	-81.32
11.375	-80.94
11.378	-79.97
11.383	-79.12
11.387	-78.36
11.392	-77.42
11.395	-76.68
11.400	-75.95
11.403	-74.96
11.408	-74.19
11.412	-73.11
11.417	-72.06
11.420	-71.45
11.425	-70.68
11.428	-69.69
11.433	-68.69
11.437	-67.96
11.442	-66.93
11.445	-65.87
11.450	-65.01
11.453	-63.96
11.458	-62.71
11.462	-61.85
11.467	-60.85
11.470	-59.60
11.475	-58.85
11.478	-57.47
11.482	-56.16
11.487	-54.82
11.490	-53.93
11.495	-52.41
11.498	-51.04
11.503	-50.09
11.507	-48.80
11.512	-47.35
11.515	-46.21
11.520	-44.93
11.523	-43.25
11.528	-42.26
11.532	-40.83
11.537	-39.14
11.540	-38.13
11.545	-36.77
11.548	-35.17
11.553	-34.02
11.557	-32.44
11.562	-30.92
11.565	-29.61
11.570	-28.09
11.573	-26.62
11.578	-25.25
11.582	-23.78
11.587	-22.09
11.590	-20.84
11.595	-19.14
11.598	-17.57
11.603	-16.16
11.607	-14.51
11.612	-13.03
11.615	-11.45
11.620	-9.635
11.623	-8.055
11.628	-6.798
11.632	-4.971
11.637	-3.191
11.640	-1.364
11.645	1.807E-2
11.648	1.909
11.653	3.703
11.657	5.223
11.662	7.009
11.665	8.583
11.670	10.26
11.673	12.02
11.678	13.89
11.682	15.72
11.687	17.27
11.690	18.95
11.695	20.84
11.698	22.63
11.703	24.22
11.707	26.03
11.712	27.93
11.715	29.74
11.720	31.26
11.723	33.12
11.728	34.98
11.732	36.70
11.737	38.57
11.740	40.32
11.745	42.25
11.748	43.93
11.753	45.78
11.757	47.73
11.762	49.50
11.765	51.06
11.770	52.95
11.773	54.84
11.778	56.86
11.782	58.70
11.787	60.26
11.790	62.14
11.795	63.99
11.798	65.94
11.803	67.81
11.807	69.42
11.812	71.16
11.815	73.01
11.820	74.90
11.823	76.85
11.828	78.78
11.832	80.66
11.837	82.30
11.840	84.06
11.845	85.94
11.848	87.77
11.853	89.62
11.857	91.61
11.862	93.15
11.865	94.93
11.870	96.79
11.873	98.60
11.878	100.3
11.882	102.0
11.887	104.0
11.890	105.5
11.895	107.2
11.898	109.0
11.903	110.5
11.907	112.2
11.912	113.9
11.915	115.7
11.920	117.4
11.923	118.9
11.928	120.7
11.932	122.5
11.937	123.9
11.940	125.7
11.945	127.1
11.948	128.9
11.953	130.3
11.957	131.9
11.962	133.3
11.965	134.7
11.970	136.5
11.973	137.9
11.978	139.3
11.982	140.9
11.987	142.2
11.990	143.9
11.995	145.1
11.998	146.6
12.003	148.1
12.007	149.2
12.012	150.9
12.015	152.1
12.020	153.3
12.023	154.6
12.028	155.9
12.032	157.1
12.035	158.3
12.040	159.6
12.043	161.0
12.048	162.0
12.052	163.1
12.057	164.1
12.060	165.3
12.065	166.2
12.068	167.1
12.073	168.1
12.077	169.3
12.082	170.0
12.085	171.0
12.090	172.0
12.093	173.0
12.098	173.9
12.102	174.9
12.107	175.8
12.110	176.6
12.115	177.3
12.118	178.0
12.123	178.8
12.127	179.6
12.132	180.1
12.135	181.0
12.140	181.3
12.143	182.0
12.148	182.6
12.152	183.1
12.157	183.7
12.160	184.1
12.165	184.7
12.168	185.1
12.173	185.3
12.177	185.9
12.182	186.1
12.185	186.5
12.190	186.9
12.193	187.1
12.198	187.2
12.202	187.2
12.207	187.5
12.210	187.7
12.215	187.8
12.218	188.0
12.223	188.0
12.227	188.0
12.232	188.1
12.235	188.1
12.240	188.0
12.243	187.9
12.248	187.9
12.252	187.9
12.257	187.8
12.260	187.5
12.265	187.2
12.268	187.2
12.273	186.9
12.277	186.7
12.282	186.1
12.285	186.0
12.290	185.4
12.293	185.1
12.298	184.2
12.302	184.0
12.307	183.6
12.310	183.0
12.315	182.6
12.318	182.1
12.323	181.2
12.327	180.6
12.332	180.1
12.335	179.3
12.340	178.6
12.343	177.9
12.348	177.1
12.352	176.3
12.357	175.3
12.360	174.6
12.365	173.8
12.368	172.9
12.373	172.0
12.377	171.0
12.382	170.0
12.385	169.0
12.390	168.0
12.393	167.0
12.398	166.0
12.402	165.0
12.407	163.8
12.410	162.8
12.415	161.6
12.418	160.5
12.423	159.4
12.427	158.0
12.432	156.9
12.435	155.7
12.440	154.4
12.443	153.1
12.448	151.7
12.452	150.4
12.457	149.0
12.460	147.5
12.465	146.0
12.468	144.8
12.473	143.1
12.477	141.9
12.482	140.4
12.485	138.9
12.490	137.3
12.493	135.9
12.498	134.2
12.502	132.6
12.507	131.2
12.510	129.8
12.515	128.1
12.518	126.4
12.523	124.9
12.527	123.3
12.532	121.6
12.535	120.1
12.540	118.3
12.543	116.7
12.548	115.0
12.552	113.6
12.557	111.8
12.560	110.1
12.565	108.3
12.568	106.9
12.572	105.1
12.577	103.3
12.580	101.7
12.585	100.0
12.588	98.22
12.593	96.25
12.597	94.48
12.602	92.75
12.605	91.03
12.610	89.31
12.613	87.60
12.618	86.00
12.622	83.90
12.627	82.10
12.630	80.23
12.635	78.65
12.638	76.92
12.643	75.01
12.647	73.10
12.652	71.32
12.655	69.64
12.660	68.00
12.663	66.02
12.668	64.22
12.672	62.25
12.677	60.63
12.680	58.84
12.685	56.97
12.688	55.10
12.693	53.37
12.697	51.37
12.702	49.63
12.705	47.87
12.710	46.06
12.713	44.32
12.718	42.61
12.722	40.63
12.727	39.05
12.730	37.22
12.735	35.50
12.738	33.66
12.743	31.98
12.747	30.10
12.752	28.23
12.755	26.66
12.760	24.98
12.763	23.18
12.768	21.29
12.772	19.61
12.777	17.97
12.780	16.09
12.785	14.58
12.788	12.95
12.793	11.15
12.797	9.668
12.802	7.988
12.805	6.120
12.810	4.343
12.813	2.933
12.818	1.136
12.822	-0.557
12.827	-2.076
12.830	-3.912
12.835	-5.342
12.838	-6.933
12.843	-8.296
12.847	-10.02
12.852	-11.60
12.855	-13.12
12.860	-14.80
12.863	-16.20
12.868	-17.75
12.872	-19.18
12.877	-20.92
12.880	-22.25
12.885	-23.84
12.888	-25.15
12.893	-26.65
12.897	-28.17
12.902	-29.24
12.905	-30.91
12.910	-32.22
12.913	-33.72
12.918	-35.01
12.922	-36.34
12.927	-37.62
12.930	-39.05
12.935	-40.24
12.938	-41.58
12.943	-42.96
12.947	-44.12
12.952	-45.34
12.955	-46.65
12.960	-47.99
12.963	-49.02
12.968	-50.14
12.972	-51.53
12.977	-52.93
12.980	-53.93
12.985	-55.12
12.988	-56.05
12.993	-57.23
12.997	-58.24
13.002	-59.44
13.005	-60.20
13.010	-61.14
13.013	-62.31
13.018	-63.32
13.022	-64.15
13.027	-65.07
13.030	-66.08
13.035	-67.05
13.038	-68.04
13.043	-68.94
13.047	-69.96
13.052	-70.82
13.055	-71.85
13.060	-72.68
13.063	-73.76
13.068	-74.46
13.072	-75.07
13.077	-76.02
13.080	-76.83
13.085	-77.57
13.088	-78.34
13.093	-78.98
13.097	-79.77
13.102	-80.42
13.105	-81.02
13.108	-81.73
13.113	-82.20
13.117	-82.99
13.122	-83.48
13.125	-83.94
13.130	-84.65
13.133	-85.16
13.138	-85.75
13.142	-86.13
13.147	-86.87
13.150	-87.11
13.155	-87.63
13.158	-88.10
13.163	-88.41
13.167	-88.86
13.172	-89.15
13.175	-89.58
13.180	-89.99
13.183	-90.20
13.188	-90.72
13.192	-90.92
13.197	-91.03
13.200	-91.57
13.205	-91.86
13.208	-92.06
13.213	-92.07
13.217	-92.24
13.222	-92.51
13.225	-92.75
13.230	-92.87
13.233	-93.00
13.238	-93.10
13.242	-93.07
13.247	-93.05
13.250	-93.03
13.255	-93.02
13.258	-93.02
13.263	-93.02
13.267	-93.01
13.272	-93.02
13.275	-93.01
13.280	-92.93
13.283	-92.92
13.288	-92.80
13.292	-92.78
13.297	-92.55
13.300	-92.55
13.305	-92.29
13.308	-92.02
13.313	-91.83
13.317	-91.64
13.322	-91.46
13.325	-91.02
13.330	-90.82
13.333	-90.34
13.338	-89.93
13.342	-89.72
13.347	-89.13
13.350	-88.91
13.355	-88.30
13.358	-87.83
13.363	-87.33
13.367	-86.87
13.372	-86.21
13.375	-85.94
13.380	-85.32
13.383	-84.76
13.388	-84.10
13.392	-83.69
13.397	-83.09
13.400	-82.26
13.405	-81.78
13.408	-81.02
13.413	-80.23
13.417	-79.74
13.422	-79.04
13.425	-78.22
13.430	-77.39
13.433	-76.79
13.438	-76.00
13.442	-75.01
13.447	-74.11
13.450	-73.48
13.455	-72.27
13.458	-71.64
13.463	-70.91
13.467	-69.94
13.472	-69.05
13.475	-68.09
13.480	-67.15
13.483	-66.07
13.488	-65.07
13.492	-64.17
13.497	-63.09
13.500	-62.11
13.505	-60.98
13.508	-60.08
13.513	-59.02
13.517	-57.86
13.522	-56.83
13.525	-56.02
13.530	-54.76
13.533	-53.65
13.538	-52.61
13.542	-51.32
13.547	-50.09
13.550	-49.05
13.555	-47.84
13.558	-46.33
13.563	-45.01
13.567	-43.99
13.572	-42.85
13.575	-41.72
13.580	-40.29
13.583	-38.87
13.588	-37.82
13.592	-36.39
13.597	-34.89
13.600	-33.80
13.605	-32.17
13.608	-30.86
13.613	-29.20
13.617	-27.95
13.622	-26.50
13.625	-24.84
13.630	-23.76
13.633	-22.10
13.638	-20.68
13.642	-19.35
13.647	-17.81
13.650	-16.07
13.653	-14.97
13.658	-13.09
13.662	-11.65
13.667	-10.17
13.670	-8.743
13.675	-7.072
13.678	-5.229
13.683	-3.918
13.687	-2.052
13.692	-0.369
13.695	0.978
13.700	2.747
13.703	4.463
13.708	6.126
13.712	7.564
13.717	9.253
13.720	11.08
13.725	12.30
13.728	14.08
13.733	15.96
13.737	17.32
13.742	19.05
13.745	20.93
13.750	22.78
13.753	24.33
13.758	26.02
13.762	27.87
13.767	29.68
13.770	31.18
13.775	33.01
13.778	34.92
13.783	36.74
13.787	38.30
13.792	40.02
13.795	41.91
13.800	43.74
13.803	45.38
13.808	47.07
13.812	48.95
13.817	50.84
13.820	52.87
13.825	54.26
13.828	56.07
13.833	58.00
13.837	59.85
13.842	61.74
13.845	63.22
13.850	65.02
13.853	66.99
13.858	68.83
13.862	70.63
13.867	72.55
13.870	74.15
13.875	76.00
13.878	77.84
13.883	79.65
13.887	81.64
13.892	83.20
13.895	84.99
13.900	86.80
13.903	88.54
13.908	90.21
13.912	92.01
13.917	93.83
13.920	95.30
13.925	96.97
13.928	98.82
13.933	100.6
13.937	102.3
13.942	104.0
13.945	105.5
13.950	107.1
13.953	108.9
13.958	110.2
13.962	112.0
13.967	113.7
13.970	115.2
13.975	116.9
13.978	118.6
13.983	120.1
13.987	121.9
13.992	123.4
13.995	124.9
14.000	126.3
14.003	127.9
14.008	129.5
14.012	131.0
14.017	132.6
14.020	134.0
14.025	135.1
14.028	136.9
14.033	138.1
14.037	139.6
14.042	141.1
14.045	142.3
14.050	143.6
14.053	145.1
14.058	146.4
14.062	147.7
14.067	149.0
14.070	150.1
14.075	151.3
14.078	152.7
14.083	154.0
14.087	155.0
14.092	156.2
14.095	157.2
14.100	158.5
14.103	159.6
14.108	160.8
14.112	162.0
14.117	162.9
14.120	164.0
14.125	165.0
14.128	166.0
14.133	167.0
14.137	168.0
14.142	169.0
14.145	169.8
14.150	170.5
14.153	171.3
14.158	172.0
14.162	172.9
14.167	173.8
14.170	174.4
14.175	175.1
14.178	175.9
14.182	176.3
14.187	177.0
14.190	177.6
14.195	178.1
14.198	178.8
14.203	179.4
14.207	179.9
14.212	180.1
14.215	180.7
14.220	181.1
14.223	181.3
14.228	181.9
14.232	182.1
14.237	182.3
14.240	182.6
14.245	182.9
14.248	183.1
14.253	183.3
14.257	183.2
14.262	183.5
14.265	183.8
14.270	183.8
14.273	183.9
14.278	183.9
14.282	183.9
14.287	184.0
14.290	184.0
14.295	184.0
14.298	183.8
14.303	183.8
14.307	183.4
14.312	183.1
14.315	183.0
14.320	182.7
14.323	182.4
14.328	182.1
14.332	181.9
14.337	181.3
14.340	181.0
14.345	180.6
14.348	180.1
14.353	179.8
14.357	179.2
14.362	178.8
14.365	178.2
14.370	177.7
14.373	177.0
14.378	176.4
14.382	175.7
14.387	175.1
14.390	174.3
14.395	173.6
14.398	173.0
14.403	172.1
14.407	171.3
14.412	170.2
14.415	169.5
14.420	168.9
14.423	168.0
14.428	167.0
14.432	166.0
14.437	165.1
14.440	164.1
14.445	163.0
14.448	162.0
14.453	161.0
14.457	159.9
14.462	159.0
14.465	157.8
14.470	156.6
14.473	155.8
14.478	154.6
14.482	153.3
14.487	152.0
14.490	150.9
14.495	149.7
14.498	148.3
14.503	147.0
14.507	145.7
14.512	144.4
14.515	143.0
14.520	141.6
14.523	140.3
14.528	138.8
14.532	137.6
14.537	136.1
14.540	134.7
14.545	133.3
14.548	131.8
14.553	130.2
14.557	128.7
14.562	127.1
14.565	125.7
14.570	124.1
14.573	122.6
14.578	121.1
14.582	119.6
14.587	118.1
14.590	116.3
14.595	114.8
14.598	113.1
14.603	111.4
14.607	109.6
14.612	108.1
14.615	106.3
14.620	104.9
14.623	103.0
14.628	101.2
14.632	99.64
14.637	97.97
14.640	96.20
14.645	94.44
14.648	92.77
14.653	91.01
14.657	89.16
14.662	87.75
14.665	85.90
14.670	84.01
14.673	82.21
14.678	80.78
14.682	78.95
14.687	77.12
14.690	75.40
14.695	73.45
14.698	71.73
14.703	70.02
14.707	68.21
14.712	66.54
14.715	64.82
14.720	63.05
14.723	61.30
14.727	59.41
14.732	57.74
14.735	56.05
14.740	54.16
14.743	52.12
14.748	50.55
14.752	49.00
14.757	47.16
14.760	45.46
14.765	43.73
14.768	42.01
14.773	40.09
14.777	38.30
14.782	36.74
14.785	35.05
14.790	33.11
14.793	31.46
14.798	29.77
14.802	27.93
14.807	26.47
14.810	24.81
14.815	23.06
14.818	21.16
14.823	19.76
14.827	18.04
14.832	16.15
14.835	14.73
14.840	13.05
14.843	11.18
14.848	9.870
14.852	8.051
14.857	6.639
14.860	4.886
14.865	3.344
14.868	1.817
14.873	6.989E-2
14.877	-1.297
14.882	-2.921
14.885	-4.493
14.890	-5.934
14.893	-7.703
14.898	-9.009
14.902	-10.88
14.907	-12.16
14.910	-13.76
14.915	-15.20
14.918	-16.82
14.923	-18.16
14.927	-19.76
14.932	-21.00
14.935	-22.76
14.940	-24.04
14.943	-25.55
14.948	-26.95
14.952	-28.35
14.957	-29.74
14.960	-31.06
14.965	-32.26
14.968	-33.83
14.973	-35.03
14.977	-36.32
14.982	-37.62
14.985	-38.97
14.990	-40.14
14.993	-41.30
14.998	-42.88
15.002	-43.91
15.007	-45.08
15.010	-46.32
15.015	-47.35
15.018	-48.52
15.023	-49.85
15.027	-50.97
15.032	-52.17
15.035	-53.13
15.040	-54.27
15.043	-55.19
15.048	-56.55
15.052	-57.62
15.057	-58.80
15.060	-59.84
15.065	-61.01
15.068	-61.74
15.073	-62.94
15.077	-63.89
15.082	-64.90
15.085	-65.80
15.090	-66.77
15.093	-67.77
15.098	-68.51
15.102	-69.47
15.107	-70.07
15.110	-71.06
15.115	-71.90
15.118	-72.72
15.123	-73.38
15.127	-74.16
15.132	-74.98
15.135	-75.75
15.140	-76.40
15.143	-76.93
15.148	-77.73
15.152	-78.47
15.157	-78.97
15.160	-79.64
15.165	-80.13
15.168	-80.94
15.173	-81.35
15.177	-81.89
15.182	-82.32
15.185	-82.89
15.190	-83.36
15.193	-83.91
15.198	-84.24
15.202	-84.86
15.207	-85.25
15.210	-85.70
15.215	-86.06
15.218	-86.55
15.223	-86.97
15.227	-87.25
15.232	-87.52
15.235	-88.00
15.240	-88.14
15.243	-88.39
15.248	-88.71
15.252	-89.01
15.257	-89.09
15.260	-89.31
15.265	-89.46
15.268	-89.66
15.272	-89.79
15.277	-90.19
15.280	-90.12
15.285	-90.09
15.288	-90.08
15.293	-90.08
15.297	-90.23
15.302	-90.17
15.305	-90.13
15.310	-90.10
15.313	-90.03
15.318	-90.02
15.322	-90.00
15.327	-89.93
15.330	-89.96
15.335	-89.82
15.338	-89.71
15.343	-89.69
15.347	-89.50
15.352	-89.24
15.355	-89.03
15.360	-88.97
15.363	-88.83
15.368	-88.56
15.372	-88.23
15.377	-88.00
15.380	-87.85
15.385	-87.22
15.388	-86.98
15.393	-86.71
15.397	-86.19
15.402	-85.97
15.405	-85.29
15.410	-84.91
15.413	-84.33
15.418	-83.97
15.422	-83.43
15.427	-82.89
15.430	-82.34
15.435	-81.82
15.438	-81.10
15.443	-80.77
15.447	-80.17
15.452	-79.63
15.455	-79.03
15.460	-78.47
15.463	-77.69
15.468	-76.97
15.472	-76.20
15.477	-75.72
15.480	-74.95
15.485	-74.13
15.488	-73.34
15.493	-72.72
15.497	-71.99
15.502	-70.94
15.505	-70.12
15.510	-69.29
15.513	-68.32
15.518	-67.51
15.522	-66.80
15.527	-65.90
15.530	-64.99
15.535	-64.03
15.538	-63.13
15.543	-62.04
15.547	-61.03
15.552	-60.02
15.555	-59.01
15.560	-58.01
15.563	-57.03
15.568	-55.89
15.572	-54.91
15.577	-53.86
15.580	-52.69
15.585	-51.74
15.588	-50.70
15.593	-49.35
15.597	-48.27
15.602	-46.96
15.605	-45.72
15.610	-44.81
15.613	-43.68
15.618	-42.25
15.622	-41.04
15.627	-39.81
15.630	-38.34
15.635	-37.06
15.638	-35.87
15.643	-34.35
15.647	-32.95
15.652	-31.81
15.655	-30.33
15.660	-28.98
15.663	-27.70
15.668	-26.14
15.672	-24.81
15.677	-23.24
15.680	-21.98
15.685	-20.40
15.688	-18.96
15.693	-17.68
15.697	-16.10
15.702	-14.71
15.705	-13.30
15.710	-11.77
15.713	-10.12
15.718	-8.879
15.722	-7.187
15.727	-5.609
15.730	-4.096
15.735	-2.830
15.738	-1.018
15.743	0.546
15.747	2.005
15.752	3.788
15.755	5.217
15.760	7.043
15.763	8.278
15.768	9.973
15.772	11.90
15.777	13.11
15.780	14.99
15.785	16.65
15.788	18.13
15.793	20.00
15.797	21.64
15.802	23.44
15.805	24.92
15.808	26.58
15.813	28.43
15.817	30.13
15.822	31.71
15.825	33.32
15.830	35.07
15.833	36.91
15.838	38.50
15.842	40.29
15.847	42.05
15.850	43.77
15.855	45.15
15.858	46.98
15.863	48.96
15.867	50.79
15.872	52.20
15.875	53.92
15.880	55.91
15.883	57.56
15.888	59.44
15.892	60.90
15.897	62.74
15.900	64.68
15.905	66.44
15.908	68.12
15.913	69.92
15.917	71.84
15.922	73.42
15.925	74.93
15.930	76.77
15.933	78.51
15.938	80.38
15.942	81.97
15.947	83.84
15.950	85.60
15.955	87.11
15.958	88.93
15.963	90.47
15.967	92.07
15.972	93.93
15.975	95.70
15.980	97.13
15.983	98.69
15.988	100.6
15.992	102.2
15.997	104.0
16.000	105.5
16.005	107.1
16.008	108.8
16.013	110.4
16.017	112.0
16.022	113.6
16.025	115.1
16.030	116.6
16.033	118.3
16.038	119.9
16.042	121.3
16.047	122.9
16.050	124.1
16.055	125.8
16.058	127.2
16.063	128.7
16.067	130.1
16.072	131.5
16.075	132.9
16.080	134.3
16.083	135.6
16.088	137.0
16.092	138.2
16.097	139.4
16.100	140.8
16.105	142.1
16.108	143.3
16.113	144.7
16.117	145.9
16.122	147.1
16.125	148.3
16.130	149.6
16.133	150.8
16.138	152.0
16.142	153.0
16.147	154.1
16.150	155.1
16.155	156.4
16.158	157.2
16.163	158.1
16.167	159.1
16.172	160.1
16.175	161.1
16.180	162.1
16.183	162.9
16.188	163.9
16.192	164.8
16.197	165.9
16.200	166.6
16.205	167.8
16.208	168.4
16.213	169.1
16.217	169.9
16.222	170.3
16.225	171.1
16.230	171.9
16.233	172.4
16.238	173.0
16.242	173.6
16.247	174.1
16.250	174.7
16.255	175.1
16.258	175.9
16.263	176.1
16.267	176.6
16.272	177.1
16.275	177.3
16.280	177.9
16.283	178.0
16.288	178.2
16.292	178.6
16.297	179.0
16.300	179.1
16.305	179.3
16.308	179.5
16.313	179.7
16.317	179.8
16.322	180.0
16.325	180.0
16.330	180.0
16.333	180.0
16.338	180.0
16.342	180.0
16.347	180.0
16.350	179.9
16.353	179.7
16.358	179.8
16.362	179.6
16.367	179.3
16.370	179.0
16.375	178.9
16.378	178.4
16.383	178.0
16.387	177.8
16.392	177.3
16.395	176.9
16.400	176.4
16.403	175.9
16.408	175.4
16.412	174.9
16.417	174.1
16.420	173.8
16.425	173.0
16.428	172.5
16.433	171.8
16.437	171.2
16.442	170.4
16.445	169.7
16.450	168.9
16.453	168.1
16.458	167.4
16.462	166.2
16.467	165.8
16.470	164.9
16.475	164.0
16.478	163.1
16.483	162.1
16.487	161.1
16.492	160.1
16.495	159.0
16.500	158.0
16.503	157.0
16.508	156.0
16.512	154.9
16.517	153.9
16.520	153.0
16.525	151.7
16.528	150.5
16.533	149.3
16.537	148.0
16.542	146.9
16.545	145.8
16.550	144.6
16.553	143.3
16.558	142.0
16.562	140.8
16.567	139.6
16.570	138.1
16.575	136.9
16.578	135.7
16.583	134.1
16.587	132.9
16.592	131.3
16.595	130.0
16.600	128.5
16.603	127.1
16.608	125.7
16.612	124.3
16.617	122.6
16.620	121.3
16.625	119.8
16.628	118.2
16.633	116.8
16.637	115.2
16.642	113.8
16.645	112.1
16.650	110.6
16.653	108.9
16.658	107.4
16.662	105.8
16.667	104.2
16.670	102.8
16.675	101.0
16.678	99.27
16.683	97.66
16.687	96.01
16.692	94.24
16.695	92.72
16.700	91.10
16.703	89.25
16.708	87.67
16.712	85.97
16.717	84.31
16.720	82.55
16.725	80.98
16.728	79.18
16.733	77.42
16.737	75.73
16.742	74.01
16.745	72.24
16.750	70.54
16.753	68.93
16.758	67.11
16.762	65.47
16.767	63.70
16.770	61.95
16.775	60.14
16.778	58.42
16.783	56.78
16.787	55.12
16.792	53.24
16.795	51.47
16.800	49.85
16.803	48.04
16.808	46.18
16.812	44.56
16.817	43.06
16.820	41.27
16.825	39.59
16.828	37.86
16.833	36.22
16.837	34.67
16.842	33.03
16.845	31.12
16.850	29.56
16.853	27.98
16.858	26.19
16.862	24.64
16.867	22.99
16.870	21.42
16.875	19.75
16.878	18.05
16.883	16.29
16.887	14.90
16.892	13.13
16.895	11.50
16.898	9.979
16.903	8.177
16.907	6.851
16.912	5.100
16.915	3.800
16.920	2.081
16.923	0.458
16.928	-1.049
16.932	-2.597
16.937	-4.086
16.940	-5.939
16.945	-7.052
16.948	-8.838
16.953	-10.33
16.957	-11.63
16.962	-13.08
16.965	-14.72
16.970	-16.10
16.973	-17.36
16.978	-18.79
16.982	-20.13
16.987	-21.64
16.990	-23.08
16.995	-24.33
16.998	-25.74
17.003	-27.01
17.007	-28.62
17.012	-29.90
17.015	-31.06
17.020	-32.62
17.023	-33.94
17.028	-35.18
17.032	-36.40
17.037	-37.68
17.040	-38.96
17.045	-40.12
17.048	-41.31
17.053	-42.54
17.057	-43.73
17.062	-44.95
17.065	-46.12
17.070	-47.14
17.073	-48.24
17.078	-49.25
17.082	-50.48
17.087	-51.33
17.090	-52.41
17.095	-53.27
17.098	-54.27
17.103	-55.21
17.107	-56.19
17.112	-57.16
17.115	-58.10
17.120	-59.14
17.123	-60.13
17.128	-61.09
17.132	-61.98
17.137	-63.01
17.140	-63.97
17.145	-64.79
17.148	-65.84
17.153	-66.69
17.157	-67.77
17.162	-68.55
17.165	-69.27
17.170	-70.03
17.173	-71.00
17.178	-71.48
17.182	-72.38
17.187	-72.92
17.190	-73.75
17.195	-74.41
17.198	-75.05
17.203	-75.77
17.207	-76.28
17.212	-77.00
17.215	-77.49
17.220	-77.98
17.223	-78.74
17.228	-79.19
17.232	-79.83
17.237	-80.18
17.240	-80.85
17.245	-81.22
17.248	-81.80
17.253	-82.21
17.257	-82.60
17.262	-83.09
17.265	-83.33
17.270	-83.92
17.273	-84.07
17.278	-84.40
17.282	-84.91
17.287	-85.11
17.290	-85.36
17.295	-85.70
17.298	-85.98
17.303	-86.17
17.307	-86.32
17.312	-86.54
17.315	-86.79
17.320	-87.00
17.323	-87.18
17.328	-87.13
17.332	-87.25
17.337	-87.43
17.340	-87.29
17.345	-87.36
17.348	-87.32
17.353	-87.23
17.357	-87.17
17.362	-87.14
17.365	-87.11
17.370	-87.07
17.373	-87.06
17.378	-87.01
17.382	-86.90
17.387	-86.94
17.390	-86.77
17.395	-86.76
17.398	-86.54
17.403	-86.63
17.407	-86.43
17.412	-86.06
17.415	-85.93
17.420	-85.77
17.423	-85.40
17.428	-85.04
17.432	-84.77
17.435	-84.58
17.440	-84.08
17.443	-83.87
17.448	-83.32
17.452	-83.01
17.457	-82.54
17.460	-82.08
17.465	-81.80
17.468	-81.11
17.473	-80.79
17.477	-80.22
17.482	-79.85
17.485	-79.24
17.490	-78.84
17.493	-78.02
17.498	-77.54
17.502	-76.97
17.507	-76.48
17.510	-75.94
17.515	-75.12
17.518	-74.21
17.523	-73.54
17.527	-72.95
17.532	-72.49
17.535	-71.17
17.540	-70.78
17.543	-69.93
17.548	-69.10
17.552	-68.42
17.557	-67.48
17.560	-66.52
17.565	-65.90
17.568	-65.06
17.573	-64.06
17.577	-63.13
17.582	-62.25
17.585	-61.46
17.590	-60.24
17.593	-59.17
17.598	-58.24
17.602	-57.22
17.607	-56.17
17.610	-55.11
17.615	-54.10
17.618	-53.11
17.623	-52.01
17.627	-50.99
17.632	-50.01
17.635	-48.84
17.640	-47.93
17.643	-46.81
17.648	-45.78
17.652	-44.63
17.657	-43.71
17.660	-42.37
17.665	-41.03
17.668	-39.94
17.673	-38.78
17.677	-37.49
17.682	-36.07
17.685	-34.97
17.690	-33.79
17.693	-32.25
17.698	-31.08
17.702	-29.80
17.707	-28.46
17.710	-27.17
17.715	-25.75
17.718	-24.25
17.723	-23.01
17.727	-21.63
17.732	-20.26
17.735	-18.86
17.740	-17.28
17.743	-15.99
17.748	-14.67
17.752	-13.11
17.757	-11.71
17.760	-10.11
17.765	-8.844
17.768	-7.152
17.773	-5.738
17.777	-4.217
17.782	-2.902
17.785	-1.209
17.790	0.320
17.793	1.892
17.798	3.140
17.802	4.859
17.807	6.256
17.810	8.049
17.815	9.371
17.818	10.99
17.823	12.72
17.827	14.08
17.832	15.86
17.835	17.44
17.840	19.09
17.843	20.58
17.848	22.24
17.852	24.03
17.857	25.59
17.860	27.21
17.865	28.91
17.868	30.77
17.873	32.31
17.877	33.91
17.882	35.40
17.885	37.11
17.890	38.81
17.893	40.74
17.898	42.22
17.902	43.88
17.907	45.69
17.910	47.57
17.915	48.93
17.918	50.87
17.923	52.69
17.927	54.26
17.932	56.03
17.935	57.55
17.940	59.25
17.943	60.98
17.948	62.78
17.952	64.68
17.957	66.03
17.960	67.90
17.965	69.52
17.968	71.28
17.973	73.05
17.977	74.25
17.980	76.00
17.985	77.85
17.988	79.35
17.993	81.05
17.997	82.82
18.002	84.58
18.005	86.04
18.010	87.76
18.013	89.26
18.018	91.02
18.022	92.65
18.027	94.23
18.030	95.98
18.035	97.69
18.038	99.01
18.043	100.7
18.047	102.2
18.052	104.0
18.055	105.6
18.060	107.1
18.063	108.7
18.068	110.2
18.072	111.9
18.077	113.3
18.080	114.9
18.085	116.1
18.088	117.7
18.093	119.1
18.097	120.6
18.102	122.1
18.105	123.7
18.110	125.1
18.113	126.4
18.118	127.9
18.122	129.2
18.127	130.6
18.130	132.0
18.135	133.4
18.138	134.7
18.143	136.0
18.147	137.5
18.152	138.7
18.155	140.1
18.160	141.3
18.163	142.6
18.168	143.9
18.172	145.1
18.177	146.1
18.180	147.3
18.185	148.2
18.188	149.5
18.193	150.3
18.197	151.2
18.202	152.5
18.205	153.4
18.210	154.3
18.213	155.2
18.218	156.1
18.222	157.1
18.227	158.0
18.230	159.0
18.235	160.0
18.238	160.8
18.243	161.8
18.247	162.6
18.252	163.4
18.255	164.1
18.260	164.9
18.263	165.7
18.268	166.4
18.272	167.1
18.277	167.9
18.280	168.3
18.285	168.9
18.288	169.7
18.293	170.1
18.297	170.8
18.302	171.2
18.305	171.8
18.310	172.2
18.313	172.8
18.318	173.1
18.322	173.5
18.327	174.0
18.330	174.2
18.335	174.6
18.338	175.0
18.343	175.1
18.347	175.4
18.352	175.6
18.355	175.9
18.360	176.0
18.363	176.1
18.368	176.1
18.372	176.2
18.377	176.3
18.380	176.2
18.385	176.1
18.388	176.1
18.393	176.1
18.397	176.0
18.402	175.9
18.405	175.9
18.410	175.7
18.413	175.6
18.418	175.5
18.422	175.3
18.427	175.0
18.430	174.7
18.435	174.3
18.438	174.0
18.443	173.7
18.447	173.1
18.452	172.9
18.455	172.3
18.460	171.9
18.463	171.3
18.468	170.9
18.472	170.3
18.477	169.6
18.480	169.1
18.485	168.7
18.488	168.0
18.493	167.1
18.497	166.4
18.502	165.7
18.505	165.0
18.510	164.2
18.513	163.3
18.517	162.6
18.522	161.9
18.525	161.0
18.530	160.0
18.533	159.1
18.538	158.1
18.542	157.1
18.547	156.1
18.550	155.1
18.555	154.1
18.558	153.0
18.563	152.0
18.567	151.0
18.572	149.9
18.575	148.9
18.580	147.8
18.583	146.8
18.588	145.7
18.592	144.4
18.597	143.1
18.600	141.9
18.605	140.7
18.608	139.4
18.613	138.0
18.617	136.9
18.622	135.6
18.625	134.1
18.630	133.0
18.633	131.6
18.638	130.1
18.642	128.9
18.647	127.3
18.650	125.9
18.655	124.7
18.658	123.1
18.663	121.6
18.667	120.1
18.672	118.7
18.675	117.1
18.680	115.7