mass_A
t	x
0.000	4.073E-2
0.017	4.073E-2
0.033	4.162E-2
0.050	4.252E-2
0.067	4.385E-2
0.083	4.474E-2
0.100	4.652E-2
0.117	4.831E-2
0.133	5.053E-2
0.150	5.276E-2
0.167	5.543E-2
0.183	5.722E-2
0.200	6.034E-2
0.217	6.436E-2
0.233	6.882E-2
0.250	7.328E-2
0.267	7.730E-2
0.283	8.131E-2
0.300	8.577E-2
0.317	8.979E-2
0.333	9.425E-2
0.350	0.100
0.367	0.105
0.383	0.111
0.400	0.117
0.417	0.122
0.433	0.127
0.450	0.133
0.467	0.138
0.483	0.144
0.500	0.150
0.517	0.155
0.533	0.163
0.550	0.168
0.567	0.175
0.583	0.181
0.600	0.187
0.617	0.194
0.633	0.199
0.650	0.205
0.667	0.212
0.683	0.219
0.700	0.225
0.717	0.230
0.733	0.235
0.750	0.240
0.767	0.247
0.783	0.252
0.800	0.258
0.817	0.262
0.833	0.267
0.850	0.271
0.867	0.276
0.883	0.282
0.900	0.285
0.917	0.288
0.933	0.292
0.950	0.297
0.967	0.301
0.983	0.304
1.000	0.306
1.017	0.308
1.033	0.312
1.050	0.313
1.067	0.315
1.083	0.317
1.100	0.319
1.117	0.320
1.133	0.322
1.150	0.322
1.167	0.324
1.183	0.325
1.200	0.319
1.217	0.319
1.233	0.318
1.250	0.317
1.267	0.316
1.283	0.314
1.300	0.313
1.317	0.311
1.333	0.309
1.350	0.306
1.367	0.302
1.383	0.301
1.400	0.297
1.417	0.294
1.433	0.291
1.450	0.287
1.467	0.281
1.483	0.279
1.500	0.274
1.517	0.270
1.533	0.266
1.550	0.261
1.567	0.256
1.583	0.250
1.600	0.246
1.617	0.241
1.633	0.235
1.650	0.231
1.667	0.224
1.683	0.219
1.700	0.213
1.717	0.208
1.733	0.201
1.750	0.197
1.767	0.191
1.783	0.184
1.800	0.177
1.817	0.170
1.833	0.164
1.850	0.159
1.867	0.154
1.883	0.148
1.900	0.143
1.917	0.135
1.933	0.130
1.950	0.125
1.967	0.119
1.983	0.115
2.000	0.109
2.017	0.103
2.033	9.828E-2
2.050	9.426E-2
2.067	8.891E-2
2.083	8.310E-2
2.100	7.998E-2
2.117	7.374E-2
2.133	7.106E-2
2.150	6.749E-2
2.167	6.259E-2
2.183	5.857E-2
2.200	5.768E-2
2.217	5.367E-2
2.233	4.966E-2
2.250	4.698E-2
2.267	4.341E-2
2.283	3.984E-2
2.300	3.939E-2
2.317	3.805E-2
2.333	3.493E-2
2.350	3.359E-2
2.367	3.625E-2
2.383	3.581E-2
2.400	3.402E-2
2.417	3.402E-2
2.433	3.491E-2
2.450	3.580E-2
2.467	3.714E-2
2.483	3.758E-2
2.500	3.981E-2
2.517	4.114E-2
2.533	4.204E-2
2.550	4.338E-2
2.567	4.560E-2
2.583	4.828E-2
2.600	5.273E-2
2.617	5.631E-2
2.633	5.809E-2
2.650	6.345E-2
2.667	6.702E-2
2.683	7.059E-2
2.700	7.371E-2
2.717	7.862E-2
2.733	8.398E-2
2.750	8.844E-2
2.767	9.424E-2
2.783	9.870E-2
2.800	0.104
2.817	0.109
2.833	0.115
2.850	0.122
2.867	0.128
2.883	0.135
2.900	0.140
2.917	0.145
2.933	0.150
2.950	0.158
2.967	0.164
2.983	0.169
3.000	0.176
3.017	0.181
3.033	0.186
3.050	0.192
3.067	0.199
3.083	0.205
3.100	0.211
3.117	0.218
3.133	0.224
3.150	0.230
3.167	0.235
3.183	0.242
3.200	0.246
3.217	0.250
3.233	0.254
3.250	0.262
3.267	0.266
3.283	0.269
3.300	0.274
3.317	0.278
3.333	0.284
3.350	0.288
3.367	0.292
3.383	0.293
3.400	0.297
3.417	0.300
3.433	0.304
3.450	0.308
3.467	0.308
3.483	0.309
3.500	0.313
3.517	0.313
3.533	0.315
3.550	0.316
3.567	0.317
3.583	0.318
3.600	0.319
3.617	0.318
3.633	0.314
3.650	0.313
3.667	0.312
3.683	0.311
3.700	0.312
3.717	0.309
3.733	0.305
3.750	0.307
3.767	0.305
3.783	0.300
3.800	0.298
3.817	0.293
3.833	0.291
3.850	0.288
3.867	0.286
3.883	0.281
3.900	0.277
3.917	0.274
3.933	0.270
3.950	0.265
3.967	0.259
3.983	0.255
4.000	0.251
4.017	0.246
4.033	0.241
4.050	0.237
4.067	0.230
4.083	0.225
4.100	0.217
4.117	0.212
4.133	0.208
4.150	0.204
4.167	0.196
4.183	0.191
4.200	0.187
4.217	0.181
4.233	0.175
4.250	0.169
4.267	0.163
4.283	0.156
4.300	0.150
4.317	0.143
4.333	0.138
4.350	0.132
4.367	0.126
4.383	0.122
4.400	0.115
4.417	0.109
4.433	0.104
4.450	9.826E-2
4.467	9.514E-2
4.483	9.112E-2
4.500	8.443E-2
4.517	7.998E-2
4.533	7.552E-2
4.550	7.061E-2
4.567	6.704E-2
4.583	6.480E-2
4.600	5.990E-2
4.617	5.499E-2
4.633	4.963E-2
4.650	4.785E-2
4.667	4.785E-2
4.683	4.517E-2
4.700	4.339E-2
4.717	4.026E-2
4.733	4.026E-2
4.750	3.713E-2
4.767	3.534E-2
4.783	3.535E-2
4.800	3.268E-2
4.817	3.179E-2
4.833	3.223E-2
4.850	3.312E-2
4.867	3.312E-2
4.883	3.446E-2
4.900	3.803E-2
4.917	3.891E-2
4.933	4.070E-2
4.950	4.204E-2
4.967	4.471E-2
4.983	4.693E-2
5.000	4.961E-2
5.017	5.362E-2
5.033	5.541E-2
5.050	6.031E-2
5.067	6.121E-2
5.083	6.389E-2
5.100	6.791E-2
5.117	7.237E-2
5.133	7.773E-2
5.150	8.263E-2
5.167	8.709E-2
5.183	9.467E-2
5.200	9.869E-2
5.217	0.102
5.233	0.106
5.250	0.113
5.267	0.121
5.283	0.125
5.300	0.131
5.317	0.137
5.333	0.142
5.350	0.151
5.367	0.156
5.383	0.163
5.400	0.167
5.417	0.171
5.433	0.176
5.450	0.182
5.467	0.187
5.483	0.194
5.500	0.202
5.517	0.209
5.533	0.217
5.550	0.222
5.567	0.225
5.583	0.229
5.600	0.237
5.617	0.243
5.633	0.246
5.650	0.252
5.667	0.258
5.683	0.263
5.700	0.268
5.717	0.274
5.733	0.279
5.750	0.282
5.767	0.284
5.783	0.286
5.800	0.290
5.817	0.294
5.833	0.296
5.850	0.299
5.867	0.300
5.883	0.304
5.900	0.308
5.917	0.311
5.933	0.313
5.950	0.313
5.967	0.315
5.983	0.318
6.000	0.318
6.017	0.317
6.033	0.315
6.050	0.314
6.067	0.311
6.083	0.311
6.100	0.310
6.117	0.313
6.133	0.309
6.150	0.306
6.167	0.304
6.183	0.302
6.200	0.299
6.217	0.296
6.233	0.294
6.250	0.291
6.267	0.287
6.283	0.285
6.300	0.280
6.317	0.276
6.333	0.272
6.350	0.267
6.367	0.263
6.383	0.259
6.400	0.255
6.417	0.250
6.433	0.246
6.450	0.241
6.467	0.236
6.483	0.230
6.500	0.225
6.517	0.219
6.533	0.213
6.550	0.208
6.567	0.201
6.583	0.197
6.600	0.192
6.617	0.184
6.633	0.179
6.650	0.173
6.667	0.166
6.683	0.161
6.700	0.155
6.717	0.147
6.733	0.142
6.750	0.138
6.767	0.132
6.783	0.127
6.800	0.122
6.817	0.116
6.833	0.110
6.850	0.105
6.867	0.101
6.883	9.648E-2
6.900	9.157E-2
6.917	8.666E-2
6.933	8.219E-2
6.950	7.907E-2
6.967	7.283E-2
6.983	6.703E-2
7.000	6.346E-2
7.017	5.944E-2
7.033	5.721E-2
7.050	5.097E-2
7.067	4.919E-2
7.083	4.651E-2
7.100	4.339E-2
7.117	4.160E-2
7.133	4.116E-2
7.150	3.848E-2
7.167	3.804E-2
7.183	3.625E-2
7.200	3.402E-2
7.217	3.268E-2
7.233	3.135E-2
7.250	2.956E-2
7.267	3.179E-2
7.283	3.446E-2
7.300	3.624E-2
7.317	3.847E-2
7.333	3.980E-2
7.350	4.158E-2
7.367	4.336E-2
7.383	4.560E-2
7.400	4.783E-2
7.417	5.095E-2
7.433	5.273E-2
7.450	5.540E-2
7.467	5.852E-2
7.483	6.076E-2
7.500	6.432E-2
7.517	6.744E-2
7.533	7.235E-2
7.550	7.637E-2
7.567	8.173E-2
7.583	8.664E-2
7.600	9.110E-2
7.617	9.556E-2
7.633	0.101
7.650	0.104
7.667	0.111
7.683	0.115
7.700	0.122
7.717	0.128
7.733	0.133
7.750	0.140
7.767	0.146
7.783	0.152
7.800	0.158
7.817	0.163
7.833	0.169
7.850	0.175
7.867	0.183
7.883	0.190
7.900	0.195
7.917	0.200
7.933	0.205
7.950	0.210
7.967	0.216
7.983	0.225
8.000	0.232
8.017	0.235
8.033	0.239
8.050	0.246
8.067	0.250
8.083	0.254
8.100	0.262
8.117	0.267
8.133	0.270
8.150	0.274
8.167	0.279
8.183	0.284
8.200	0.288
8.217	0.290
8.233	0.295
8.250	0.300
8.267	0.303
8.283	0.306
8.300	0.307
8.317	0.310
8.333	0.313
8.350	0.314
8.367	0.316
8.383	0.316
8.400	0.318
8.417	0.318
8.433	0.320
8.450	0.321
8.467	0.317
8.483	0.314
8.500	0.313
8.517	0.312
8.533	0.309
8.550	0.307
8.567	0.306
8.583	0.304
8.600	0.302
8.617	0.300
8.633	0.297
8.650	0.295
8.667	0.293
8.683	0.288
8.700	0.286
8.717	0.283
8.733	0.278
8.750	0.274
8.767	0.270
8.783	0.264
8.800	0.262
8.817	0.258
8.833	0.253
8.850	0.248
8.867	0.242
8.883	0.238
8.900	0.233
8.917	0.229
8.933	0.223
8.950	0.218
8.967	0.211
8.983	0.206
9.000	0.200
9.017	0.195
9.033	0.187
9.050	0.183
9.067	0.178
9.083	0.173
9.100	0.166
9.117	0.159
9.133	0.152
9.150	0.146
9.167	0.140
9.183	0.136
9.200	0.133
9.217	0.125
9.233	0.120
9.250	0.116
9.267	0.110
9.283	0.104
9.300	0.100
9.317	9.557E-2
9.333	9.156E-2
9.350	8.533E-2
9.367	8.086E-2
9.383	7.506E-2
9.400	7.060E-2
9.417	6.792E-2
9.433	6.435E-2
9.450	5.944E-2
9.467	5.543E-2
9.483	5.187E-2
9.500	5.008E-2
9.517	4.830E-2
9.533	4.517E-2
9.550	4.294E-2
9.567	4.294E-2
9.583	4.026E-2
9.600	3.624E-2
9.617	3.625E-2
9.633	3.447E-2
9.650	3.356E-2
9.667	3.044E-2
9.683	3.400E-2
9.700	3.757E-2
9.717	3.757E-2
9.733	3.979E-2
9.750	3.891E-2
9.767	4.114E-2
9.783	4.381E-2
9.800	4.693E-2
9.817	4.827E-2
9.833	5.049E-2
9.850	5.406E-2
9.867	5.450E-2
9.883	5.808E-2
9.900	6.165E-2
9.917	6.522E-2
9.933	6.879E-2
9.950	7.369E-2
9.967	7.637E-2
9.983	7.950E-2
10.000	8.440E-2
10.017	8.886E-2
10.033	9.421E-2
10.050	0.102
10.067	0.106
10.083	0.114
10.100	0.119
10.117	0.122
10.133	0.128
10.150	0.134
10.167	0.140
10.183	0.145
10.200	0.151
10.217	0.158
10.233	0.163
10.250	0.170
10.267	0.177
10.283	0.182
10.300	0.188
10.317	0.194
10.333	0.198
10.350	0.206
10.367	0.212
10.383	0.218
10.400	0.222
10.417	0.229
10.433	0.234
10.450	0.238
10.467	0.246
10.483	0.251
10.500	0.255
10.517	0.262
10.533	0.263
10.550	0.268
10.567	0.274
10.583	0.277
10.600	0.283
10.617	0.287
10.633	0.290
10.650	0.292
10.667	0.296
10.683	0.301
10.700	0.304
10.717	0.305
10.733	0.308
10.750	0.311
10.767	0.314
10.783	0.316
10.800	0.315
10.817	0.317
10.833	0.320
10.850	0.320
10.867	0.317
10.883	0.317
10.900	0.313
10.917	0.311
10.933	0.311
10.950	0.308
10.967	0.308
10.983	0.304
11.000	0.305
11.017	0.300
11.033	0.298
11.050	0.296
11.067	0.294
11.083	0.290
11.100	0.288
11.117	0.284
11.133	0.280
11.150	0.277
11.167	0.273
11.183	0.268
11.200	0.264
11.217	0.259
11.233	0.255
11.250	0.251
11.267	0.247
11.283	0.242
11.300	0.238
11.317	0.234
11.333	0.229
11.350	0.224
11.367	0.218
11.383	0.211
11.400	0.206
11.417	0.202
11.433	0.197
11.450	0.191
11.467	0.184
11.483	0.179
11.500	0.173
11.517	0.167
11.533	0.161
11.550	0.156
11.567	0.150
11.583	0.143
11.600	0.136
11.617	0.133
11.633	0.126
11.650	0.119
11.667	0.113
11.683	0.109
11.700	0.103
11.717	9.914E-2
11.733	9.423E-2
11.750	8.843E-2
11.767	8.307E-2
11.783	7.683E-2
11.800	7.460E-2
11.817	7.148E-2
11.833	6.568E-2
11.850	6.211E-2
11.867	5.898E-2
11.883	5.585E-2
11.900	5.228E-2
11.917	4.960E-2
11.933	4.425E-2
11.950	4.157E-2
11.967	3.890E-2
11.983	3.622E-2
12.000	3.666E-2
12.017	3.399E-2
12.033	3.265E-2
12.050	3.041E-2
12.067	2.907E-2
12.083	2.774E-2
12.100	2.997E-2
12.117	3.398E-2
12.133	3.576E-2
12.150	3.801E-2
12.167	3.934E-2
12.183	4.112E-2
12.200	4.380E-2
12.217	4.469E-2
12.233	4.737E-2
12.250	4.871E-2
12.267	4.960E-2
12.283	5.139E-2

