	mass_A
t	x
2.074000E1	-2.815707E-1
2.075167E1	-2.815594E-1
2.075667E1	-2.816169E-1
2.076000E1	-2.811175E-1
2.076500E1	-2.812542E-1
2.076833E1	-2.812873E-1
2.077333E1	-2.810984E-1
2.077667E1	-2.804910E-1
2.078500E1	-2.804875E-1
2.079000E1	-2.802111E-1
2.079333E1	-2.797492E-1
2.079833E1	-2.787322E-1
2.080667E1	-2.788080E-1
2.081000E1	-2.785036E-1
2.081500E1	-2.783562E-1
2.081833E1	-2.780411E-1
2.082333E1	-2.775039E-1
2.082667E1	-2.769133E-1
2.083167E1	-2.763554E-1
2.083500E1	-2.758261E-1
2.084000E1	-2.751279E-1
2.084333E1	-2.745812E-1
2.084833E1	-2.738132E-1
2.085667E1	-2.732231E-1
2.086000E1	-2.724898E-1
2.086500E1	-2.721760E-1
2.086833E1	-2.718469E-1
2.087333E1	-2.712850E-1
2.087667E1	-2.707514E-1
2.088167E1	-2.703810E-1
2.088500E1	-2.700483E-1
2.089000E1	-2.694867E-1
2.089333E1	-2.687953E-1
2.089833E1	-2.683448E-1
2.090167E1	-2.670031E-1
2.091000E1	-2.662603E-1
2.091500E1	-2.653106E-1
2.091833E1	-2.639986E-1
2.092667E1	-2.632591E-1
2.093167E1	-2.626546E-1
2.093500E1	-2.617224E-1
2.094000E1	-2.609637E-1
2.094333E1	-2.599545E-1
2.094833E1	-2.591647E-1
2.095167E1	-2.583269E-1
2.095667E1	-2.575660E-1
2.096000E1	-2.568211E-1
2.096500E1	-2.560059E-1
2.096833E1	-2.541521E-1
2.097667E1	-2.533526E-1
2.098167E1	-2.525119E-1
2.098500E1	-2.505850E-1
2.099333E1	-2.495705E-1
2.099833E1	-2.487481E-1
2.100167E1	-2.479819E-1
2.100667E1	-2.471098E-1
2.101000E1	-2.460403E-1
2.101500E1	-2.450873E-1
2.101833E1	-2.441773E-1
2.102333E1	-2.430774E-1
2.102667E1	-2.419326E-1
2.103167E1	-2.411389E-1
2.103500E1	-2.389725E-1
2.104333E1	-2.380214E-1
2.104833E1	-2.370329E-1
2.105167E1	-2.359747E-1
2.105667E1	-2.347512E-1
2.106000E1	-2.334901E-1
2.106500E1	-2.326075E-1
2.106833E1	-2.312416E-1
2.107333E1	-2.302523E-1
2.107667E1	-2.288413E-1
2.108167E1	-2.276355E-1
2.108500E1	-2.264805E-1
2.109000E1	-2.255623E-1
2.109333E1	-2.228147E-1
2.110167E1	-2.204599E-1
2.111000E1	-2.193100E-1
2.111500E1	-2.180043E-1
2.111833E1	-2.168957E-1
2.112333E1	-2.157329E-1
2.112667E1	-2.144746E-1
2.113167E1	-2.131613E-1
2.113500E1	-2.117145E-1
2.114000E1	-2.102787E-1
2.114333E1	-2.088514E-1
2.114833E1	-2.075106E-1
2.115167E1	-2.061732E-1
2.115667E1	-2.049800E-1
2.116000E1	-2.008151E-1
2.117333E1	-1.996423E-1
2.117667E1	-1.982397E-1
2.118167E1	-1.970224E-1
2.118500E1	-1.955352E-1
2.119000E1	-1.941710E-1
2.119333E1	-1.927797E-1
2.119833E1	-1.913117E-1
2.120167E1	-1.898904E-1
2.120667E1	-1.883375E-1
2.121000E1	-1.870135E-1
2.121500E1	-1.853348E-1
2.121833E1	-1.840564E-1
2.122333E1	-1.796116E-1
2.123500E1	-1.782849E-1
2.124000E1	-1.766449E-1
2.124333E1	-1.752196E-1
2.124833E1	-1.723560E-1
2.125667E1	-1.708605E-1
2.126000E1	-1.694266E-1
2.126500E1	-1.678406E-1
2.126833E1	-1.664081E-1
2.127333E1	-1.645925E-1
2.127667E1	-1.632352E-1
2.128167E1	-1.617266E-1
2.128500E1	-1.600006E-1
2.129000E1	-1.585912E-1
2.129333E1	-1.571261E-1
2.129833E1	-1.538116E-1
2.130667E1	-1.524852E-1
2.131000E1	-1.506714E-1
2.131500E1	-1.491336E-1
2.131833E1	-1.474793E-1
2.132333E1	-1.458505E-1
2.132667E1	-1.443540E-1
2.133167E1	-1.429451E-1
2.133500E1	-1.411072E-1
2.134000E1	-1.392176E-1
2.134333E1	-1.377622E-1
2.134833E1	-1.333027E-1
2.136167E1	-1.316167E-1
2.136500E1	-1.299609E-1
2.137000E1	-1.283204E-1
2.137333E1	-1.265597E-1
2.137833E1	-1.250262E-1
2.138167E1	-1.234093E-1
2.138667E1	-1.218468E-1
2.139000E1	-1.199550E-1
2.139500E1	-1.184632E-1
2.139833E1	-1.168515E-1
2.140333E1	-1.151442E-1
2.140667E1	-1.135892E-1
2.141167E1	-1.085870E-1
2.142333E1	-1.054068E-1
2.143167E1	-1.037075E-1
2.143667E1	-1.020851E-1
2.144000E1	-1.004653E-1
2.144500E1	-9.903784E-2
2.144833E1	-9.736622E-2
2.145333E1	-9.569855E-2
2.145667E1	-9.406903E-2
2.146167E1	-9.229420E-2
2.146500E1	-9.083410E-2
2.147000E1	-8.917288E-2
2.147333E1	-8.744360E-2
2.147833E1	-8.255807E-2
2.149000E1	-8.076256E-2
2.149500E1	-7.905266E-2
2.149833E1	-7.737914E-2
2.150333E1	-7.416426E-2
2.151167E1	-7.258491E-2
2.151500E1	-7.082445E-2
2.152000E1	-6.920466E-2
2.152333E1	-6.743604E-2
2.152833E1	-6.582724E-2
2.153167E1	-6.424503E-2
2.153667E1	-6.244372E-2
2.154000E1	-6.090598E-2
2.154500E1	-5.599126E-2
2.155667E1	-5.431908E-2
2.156167E1	-5.281153E-2
2.156500E1	-5.136862E-2
2.157000E1	-4.806549E-2
2.157833E1	-4.620960E-2
2.158167E1	-4.460118E-2
2.158667E1	-4.287241E-2
2.159000E1	-4.144922E-2
2.159500E1	-3.984482E-2
2.159833E1	-3.822206E-2
2.160333E1	-3.652512E-2
2.160667E1	-3.488826E-2
2.161167E1	-3.319668E-2
2.161500E1	-3.003547E-2
2.162333E1	-2.832469E-2
2.162833E1	-2.663864E-2
2.163167E1	-2.515528E-2
2.163667E1	-2.366248E-2
2.164000E1	-2.216101E-2
2.164500E1	-2.053560E-2
2.164833E1	-1.894302E-2
2.165333E1	-1.738069E-2
2.165667E1	-1.571183E-2
2.166167E1	-1.423953E-2
2.166500E1	-1.238810E-2
2.167000E1	-7.534955E-3
2.168167E1	-6.210086E-3
2.168667E1	-4.508626E-3
2.169000E1	-3.180312E-3
2.169500E1	-1.536107E-3
2.169833E1	-7.139892E-5
2.170333E1	1.750808E-3
2.170667E1	3.364672E-3
2.171167E1	4.843013E-3
2.171500E1	6.027642E-3
2.172000E1	7.678047E-3
2.172333E1	9.249857E-3
2.172833E1	1.078038E-2
2.173167E1	1.380742E-2
2.174000E1	1.535716E-2
2.174500E1	1.836345E-2
2.175333E1	2.003510E-2
2.175667E1	2.147913E-2
2.176167E1	2.284914E-2
2.176500E1	2.430811E-2
2.177000E1	2.576251E-2
2.177333E1	2.728326E-2
2.177833E1	2.883909E-2
2.178167E1	3.009329E-2
2.178667E1	3.155431E-2
2.179000E1	3.288790E-2
2.179500E1	3.566124E-2
2.180333E1	3.856965E-2
2.181167E1	3.986741E-2
2.181500E1	4.099955E-2
2.182000E1	4.220669E-2
2.182333E1	4.383421E-2
2.182833E1	4.539917E-2
2.183167E1	4.662819E-2
2.183667E1	4.788959E-2
2.184000E1	4.919107E-2
2.184500E1	5.065768E-2
2.184833E1	5.209057E-2
2.185333E1	5.318553E-2
2.185667E1	5.464920E-2
2.186167E1	5.725036E-2
2.187000E1	5.853773E-2
2.187333E1	6.110622E-2
2.188167E1	6.242979E-2
2.188667E1	6.350480E-2
2.189000E1	6.488042E-2
2.189500E1	6.620462E-2
2.189833E1	6.744737E-2
2.190333E1	6.871790E-2
2.190667E1	6.993151E-2
2.191167E1	7.132792E-2
2.191500E1	7.242159E-2
2.192000E1	7.352191E-2
2.192333E1	7.460877E-2
2.192833E1	7.951853E-2
2.194500E1	8.079356E-2
2.194833E1	8.184185E-2
2.195333E1	8.292264E-2
2.195667E1	8.418997E-2
2.196167E1	8.530570E-2
2.196500E1	8.640015E-2
2.197000E1	8.769175E-2
2.197333E1	8.869282E-2
2.197833E1	9.007531E-2
2.198167E1	9.103919E-2
2.198667E1	9.208165E-2
2.199000E1	9.309593E-2
2.199500E1	9.397817E-2
2.199833E1	9.594628E-2
2.200833E1	9.708435E-2
2.201167E1	9.790180E-2
2.201667E1	9.898916E-2
2.202000E1	9.980321E-2
2.202500E1	1.006196E-1
2.202833E1	1.018575E-1
2.203333E1	1.027380E-1
2.203667E1	1.036825E-1
2.204167E1	1.046472E-1
2.204500E1	1.055940E-1
2.205000E1	1.065471E-1
2.205333E1	1.083612E-1
2.206167E1	1.093448E-1
2.206667E1	1.109849E-1
2.207500E1	1.117786E-1
2.207833E1	1.127694E-1
2.208333E1	1.134124E-1
2.208667E1	1.145584E-1
2.209167E1	1.154928E-1
2.209500E1	1.161163E-1
2.210000E1	1.171591E-1
2.210333E1	1.178679E-1
2.210833E1	1.184787E-1
2.211167E1	1.193578E-1
2.211667E1	1.202340E-1
2.212000E1	1.217203E-1
2.212833E1	1.225564E-1
2.213333E1	1.232834E-1
2.213667E1	1.240780E-1
2.214167E1	1.247411E-1
2.214500E1	1.254021E-1
2.215000E1	1.260934E-1
2.215333E1	1.268532E-1
2.215833E1	1.274708E-1
2.216167E1	1.278447E-1
2.216667E1	1.281418E-1
2.217000E1	1.289684E-1
2.217500E1	1.293848E-1
2.217833E1	1.295889E-1
2.218333E1	1.308073E-1
2.219167E1	1.313106E-1
2.219500E1	1.323876E-1
2.220333E1	1.329208E-1
2.220833E1	1.334410E-1
2.221167E1	1.340537E-1
2.221667E1	1.347804E-1
2.222000E1	1.350399E-1
2.222500E1	1.356048E-1
2.222833E1	1.361049E-1
2.223333E1	1.366086E-1
2.223667E1	1.368571E-1
2.224167E1	1.373311E-1
2.224500E1	1.377236E-1
2.225000E1	1.386262E-1
2.225833E1	1.391178E-1
2.226167E1	1.397127E-1
2.226667E1	1.398443E-1
2.227000E1	1.400828E-1
2.227500E1	1.403404E-1
2.227833E1	1.408711E-1
2.228333E1	1.406611E-1
2.228667E1	1.410964E-1
2.229167E1	1.413800E-1
2.229500E1	1.416103E-1
2.230000E1	1.419621E-1
2.230333E1	1.419955E-1
2.230833E1	1.424776E-1
2.231667E1	1.433277E-1
2.232500E1	1.434142E-1
2.232833E1	1.436799E-1
2.233333E1	1.441279E-1
2.233667E1	1.447494E-1
2.234167E1	1.442729E-1
2.234500E1	1.440577E-1
2.235000E1	1.441351E-1
2.235333E1	1.440858E-1
2.235833E1	1.445428E-1
2.236167E1	1.448637E-1
2.236667E1	1.446980E-1
2.237000E1	1.445394E-1
2.237500E1	1.446473E-1
2.238667E1	1.447936E-1
2.239167E1	1.451799E-1
2.239500E1	1.449416E-1
2.240000E1	1.452848E-1
2.240333E1	1.447794E-1
2.240833E1	1.453135E-1
2.241167E1	1.446709E-1
2.241667E1	1.449062E-1
2.242000E1	1.445225E-1
2.242500E1	1.449337E-1
2.242833E1	1.444206E-1
2.243333E1	1.447565E-1
2.243667E1	1.440971E-1
2.244167E1	1.438506E-1
2.245000E1	1.435882E-1
2.245333E1	1.431852E-1
2.245833E1	1.426578E-1
2.246167E1	1.424367E-1
2.246667E1	1.421559E-1
2.247000E1	1.419372E-1
2.247500E1	1.415860E-1
2.247833E1	1.413106E-1
2.248333E1	1.411038E-1
2.248667E1	1.405917E-1
2.249167E1	1.405489E-1
2.249500E1	1.403954E-1
2.250000E1	1.397252E-1
2.250833E1	1.394396E-1
2.251167E1	1.388724E-1
2.252000E1	1.385196E-1
2.252500E1	1.381220E-1
2.252833E1	1.377002E-1
2.253333E1	1.373861E-1
2.253667E1	1.369415E-1
2.254167E1	1.363986E-1
2.254500E1	1.362437E-1
2.255000E1	1.356178E-1
2.255333E1	1.351385E-1
2.255833E1	1.348040E-1
2.256167E1	1.339302E-1
2.257000E1	1.329642E-1
2.257833E1	1.324040E-1
2.258333E1	1.321145E-1
2.258667E1	1.316071E-1
2.259167E1	1.309915E-1
2.259500E1	1.305436E-1
2.260000E1	1.297852E-1
2.260333E1	1.291476E-1
2.260833E1	1.287051E-1
2.261167E1	1.279019E-1
2.261667E1	1.276518E-1
2.262000E1	1.270629E-1
2.262500E1	1.263626E-1
2.262833E1	1.245368E-1
2.264167E1	1.239634E-1
2.264500E1	1.232996E-1
2.265000E1	1.228781E-1
2.265500E1	1.213978E-1
2.266333E1	1.207977E-1
2.266667E1	1.201635E-1
2.267167E1	1.194646E-1
2.267500E1	1.188322E-1
2.268000E1	1.180704E-1
2.268333E1	1.171895E-1
2.268833E1	1.167662E-1
2.269167E1	1.160955E-1
2.269667E1	1.135584E-1
2.270833E1	1.129225E-1
2.271333E1	1.121451E-1
2.271667E1	1.114745E-1
2.272167E1	1.097657E-1
2.273000E1	1.086274E-1
2.273333E1	1.076979E-1
2.273833E1	1.066663E-1
2.274167E1	1.057929E-1
2.274667E1	1.048665E-1
2.275000E1	1.039308E-1
2.275500E1	1.029552E-1
2.275833E1	1.021442E-1
2.276333E1	1.011281E-1
2.276667E1	1.000429E-1
2.277167E1	9.826643E-2
2.278000E1	9.709681E-2
2.278333E1	9.608344E-2
2.278833E1	9.479826E-2
2.279167E1	9.358488E-2
2.279667E1	9.250163E-2
2.280000E1	9.140000E-2
2.280500E1	9.064932E-2
2.280833E1	8.958500E-2
2.281333E1	8.852432E-2
2.281667E1	8.739570E-2
2.282167E1	8.491865E-2
2.283000E1	8.280505E-2
2.283833E1	8.168359E-2
2.284167E1	8.037116E-2
2.284667E1	7.938417E-2
2.285000E1	7.817037E-2
2.285500E1	7.714126E-2
2.285833E1	7.573695E-2
2.286333E1	7.466976E-2
2.286667E1	7.343119E-2
2.287167E1	7.224955E-2
2.287500E1	7.101939E-2
2.288000E1	7.015826E-2
2.288333E1	6.741172E-2
2.289167E1	6.622101E-2
2.289667E1	6.388595E-2
2.290500E1	5.978507E-2
2.290833E1	5.862207E-2
2.291333E1	5.739785E-2
2.291667E1	5.611367E-2
2.292167E1	5.508063E-2
2.292500E1	5.378174E-2
2.293000E1	5.245299E-2
2.293333E1	5.109274E-2
2.293833E1	4.997138E-2
2.294167E1	4.838264E-2
2.294667E1	4.591543E-2
2.295500E1	4.446363E-2
2.295833E1	4.184101E-2
2.296667E1	4.311447E-2
2.297167E1	3.932246E-2
2.297500E1	3.765213E-2
2.298000E1	3.632327E-2
2.298333E1	3.499398E-2
2.298833E1	3.352892E-2
2.299167E1	3.216689E-2
2.299667E1	3.316381E-2
2.300000E1	3.151197E-2
2.300500E1	3.013883E-2
2.300833E1	2.859179E-2
2.301333E1	2.291585E-2
2.303000E1	2.131673E-2
2.303333E1	1.990663E-2
2.303833E1	1.842103E-2
2.304167E1	1.542293E-2
2.305000E1	1.387943E-2
2.305500E1	1.270477E-2
2.305833E1	1.140492E-2
2.306333E1	9.677623E-3
2.306667E1	8.075161E-3
2.307167E1	6.805254E-3
2.307500E1	5.215861E-3
2.308000E1	3.884401E-3
2.308333E1	2.188149E-3
2.308833E1	-3.868178E-3
2.309667E1	-2.561944E-3
2.310000E1	-4.309619E-3
2.310500E1	-5.668405E-3
2.310833E1	-7.098092E-3
2.311333E1	-8.753728E-3
2.311667E1	-1.334761E-2
2.312167E1	-1.176922E-2
2.312500E1	-1.329235E-2
2.313000E1	-1.450501E-2
2.313333E1	-1.940290E-2
2.313833E1	-2.133643E-2
2.315000E1	-2.414595E-2
2.315833E1	-2.604045E-2
2.316333E1	-3.047639E-2
2.316667E1	-3.359220E-2
2.317500E1	-3.239663E-2
2.318000E1	-3.374355E-2
2.318333E1	-3.571627E-2
2.318833E1	-3.704532E-2
2.319167E1	-3.861444E-2
2.319667E1	-4.028009E-2
2.320000E1	-4.166061E-2
2.320500E1	-4.333400E-2
2.320833E1	-4.338794E-2
2.321333E1	-4.479559E-2
2.321667E1	-5.400025E-2
2.322500E1	-4.937213E-2
2.323000E1	-5.414296E-2
2.323333E1	-5.559242E-2
2.323833E1	-5.501127E-2
2.324167E1	-5.626910E-2
2.324667E1	-5.740475E-2
2.325000E1	-6.666131E-2
2.325500E1	-6.677798E-2
2.325833E1	-6.511961E-2
2.326333E1	-6.660631E-2
2.326667E1	-6.587983E-2
2.327167E1	-6.911853E-2
2.328000E1	-7.063821E-2
2.328333E1	-7.279780E-2
2.328833E1	-7.565103E-2
2.329667E1	-7.708071E-2
2.330167E1	-8.021545E-2
2.330500E1	-8.092733E-2
2.331000E1	-8.469614E-2
2.331333E1	-9.179764E-2
2.331833E1	-9.490469E-2
2.332167E1	-8.721232E-2
2.333833E1	-9.372353E-2
2.334333E1	-9.794908E-2
2.334667E1	-1.007765E-1
2.335500E1	-1.006400E-1
2.336000E1	-1.020849E-1
2.336333E1	-1.045163E-1
2.336833E1	-1.057580E-1
2.337167E1	-1.096468E-1
2.337667E1	-1.091435E-1
2.338000E1	-1.104566E-1
2.338500E1	-1.192466E-1
2.338833E1	-1.136105E-1
2.339333E1	-1.144240E-1
2.339667E1	-1.189696E-1
2.340167E1	-1.191317E-1
2.341000E1	-1.205786E-1
2.341333E1	-1.243207E-1
2.341833E1	-1.235863E-1
2.342167E1	-1.250088E-1
2.342667E1	-1.269191E-1
2.343000E1	-1.286688E-1
2.343500E1	-1.300453E-1
2.343833E1	-1.332353E-1
2.344333E1	-1.346931E-1
2.344667E1	-1.447552E-1
2.345167E1	-1.385657E-1
2.345500E1	-1.408863E-1
2.346000E1	-1.480072E-1
2.346833E1	-1.486387E-1
2.347167E1	-1.486277E-1
2.348000E1	-1.477606E-1
2.348500E1	-1.501530E-1
2.348833E1	-1.516776E-1
2.349333E1	-1.522728E-1
2.349667E1	-1.416299E-1
2.350167E1	-1.429567E-1
2.350500E1	-1.447551E-1
2.351000E1	-1.458484E-1
2.351333E1	-1.474053E-1
2.351833E1	-1.466727E-1
2.352167E1	-1.478361E-1
2.352667E1	-1.489964E-1
2.353500E1	-1.551476E-1
2.354333E1	-1.532239E-1
2.354667E1	-1.547837E-1
2.355167E1	-1.559400E-1
2.355500E1	-1.574545E-1
2.356000E1	-1.582184E-1
2.356333E1	-1.609004E-1
2.356833E1	-1.620974E-1
2.357167E1	-1.632102E-1
2.357667E1	-1.644094E-1
2.358000E1	-1.659385E-1
2.358500E1	-1.674040E-1
2.358833E1	-1.682641E-1
2.359333E1	-1.725061E-1
2.360500E1	-1.736422E-1
2.361000E1	-1.747929E-1
2.361333E1	-1.761953E-1
2.361833E1	-1.775474E-1
2.362167E1	-1.786593E-1
2.362667E1	-1.797750E-1
2.363000E1	-1.811804E-1
2.363500E1	-1.828629E-1
2.363833E1	-1.839981E-1
2.364333E1	-1.850975E-1
2.364667E1	-1.865917E-1
2.365167E1	-1.878779E-1
2.365500E1	-1.916419E-1
2.366833E1	-1.927851E-1
2.367167E1	-1.941090E-1
2.367667E1	-1.954092E-1
2.368000E1	-1.981894E-1
2.368833E1	-1.992953E-1
2.369333E1	-2.008641E-1
2.369667E1	-2.019523E-1
2.370167E1	-2.031520E-1
2.370500E1	-2.046328E-1
2.371000E1	-2.055570E-1
2.371333E1	-2.067511E-1
2.371833E1	-2.078336E-1
2.372167E1	-2.089230E-1
2.372667E1	-2.100923E-1
2.373000E1	-2.124493E-1
2.373833E1	-2.135737E-1
2.374333E1	-2.146847E-1
2.374667E1	-2.158233E-1
2.375167E1	-2.171058E-1
2.375500E1	-2.178861E-1
2.376000E1	-2.186794E-1
2.376333E1	-2.197740E-1
2.376833E1	-2.207566E-1
2.377167E1	-2.217338E-1
2.377667E1	-2.224949E-1
2.378000E1	-2.246448E-1
2.378833E1	-2.266478E-1
2.379667E1	-2.274301E-1
2.380167E1	-2.285296E-1
2.380500E1	-2.293765E-1
2.381000E1	-2.303871E-1
2.381333E1	-2.313240E-1
2.381833E1	-2.320224E-1
2.382167E1	-2.328793E-1
2.382667E1	-2.336307E-1
2.383000E1	-2.343984E-1
2.383500E1	-2.350892E-1
2.383833E1	-2.361687E-1
2.384333E1	-2.370138E-1
2.384667E1	-2.384911E-1
2.385500E1	-2.401481E-1
2.386333E1	-2.407826E-1
2.386833E1	-2.415960E-1
2.387167E1	-2.424926E-1
2.387667E1	-2.431216E-1
2.388000E1	-2.442455E-1
2.388500E1	-2.451202E-1
2.388833E1	-2.457288E-1
2.389333E1	-2.469326E-1
2.389667E1	-2.474169E-1
2.390167E1	-2.481192E-1
2.390500E1	-2.488360E-1
2.391000E1	-2.496200E-1
2.391333E1	-2.504611E-1
2.392167E1	-2.509168E-1
2.392667E1	-2.519399E-1
2.393000E1	-2.526773E-1
2.393500E1	-2.534514E-1
2.393833E1	-2.539288E-1
2.394333E1	-2.543416E-1
2.394667E1	-2.547084E-1
2.395167E1	-2.551056E-1
2.395667E1	-2.554969E-1
2.396000E1	-2.561634E-1
2.396500E1	-2.565721E-1
2.396833E1	-2.569064E-1
2.397333E1	-2.581296E-1
2.398167E1	-2.589259E-1
2.399000E1	-2.590041E-1
2.399333E1	-2.596259E-1
2.399833E1	-2.597862E-1
2.400167E1	-2.603982E-1
2.400667E1	-2.608451E-1
2.401000E1	-2.608945E-1
2.401500E1	-2.611382E-1
2.401833E1	-2.617075E-1
2.402333E1	-2.619227E-1
2.402667E1	-2.622923E-1
2.403167E1	-2.624573E-1
2.403500E1	-2.630762E-1
2.404000E1	-2.631314E-1
2.404833E1	-2.638985E-1
2.405667E1	-2.639214E-1
2.406000E1	-2.639583E-1
2.406500E1	-2.641262E-1
2.406833E1	-2.643457E-1
2.407333E1	-2.643427E-1
2.407667E1	-2.646375E-1
2.408167E1	-2.647612E-1
2.408500E1	-2.646943E-1
2.409000E1	-2.648524E-1
2.409333E1	-2.648763E-1
2.409833E1	-2.650798E-1
2.410167E1	-2.651341E-1
2.410667E1	-2.651955E-1
2.411500E1	-2.651575E-1
2.411833E1	-2.650185E-1
2.412333E1	-2.651707E-1
2.412667E1	-2.651422E-1
2.413167E1	-2.650894E-1
2.413500E1	-2.651105E-1
2.414000E1	-2.649939E-1
2.414333E1	-2.649912E-1
2.414833E1	-2.649685E-1
2.415167E1	-2.649616E-1
2.415667E1	-2.647547E-1
2.416000E1	-2.645779E-1
2.416500E1	-2.645723E-1
2.417333E1	-2.639397E-1
2.418167E1	-2.638097E-1
2.418500E1	-2.635671E-1
2.419000E1	-2.634245E-1
2.419333E1	-2.631043E-1
2.419833E1	-2.630896E-1
2.420167E1	-2.627543E-1
2.420667E1	-2.623722E-1
2.421000E1	-2.620560E-1
2.421500E1	-2.619666E-1
2.421833E1	-2.611919E-1
2.422333E1	-2.608447E-1
2.422667E1	-2.600956E-1
2.423500E1	-2.597134E-1
2.424000E1	-2.589159E-1
2.424833E1	-2.585634E-1
2.425167E1	-2.581067E-1
2.425667E1	-2.577327E-1
2.426000E1	-2.570301E-1
2.426500E1	-2.569132E-1
2.426833E1	-2.565728E-1
2.427333E1	-2.561895E-1
2.427667E1	-2.553949E-1
2.428167E1	-2.550244E-1
2.428500E1	-2.542793E-1
2.429000E1	-2.539487E-1
2.429333E1	-2.520487E-1
2.430667E1	-2.516245E-1
2.431000E1	-2.550523E-1
2.431500E1	-2.501045E-1
2.431833E1	-2.500306E-1
2.432667E1	-2.524026E-1
2.433167E1	-2.531930E-1
2.433500E1	-2.535467E-1
2.434000E1	-2.520220E-1
2.434333E1	-2.531725E-1
2.434833E1	-2.500147E-1
2.435167E1	-2.496471E-1
2.435667E1	-2.489251E-1
2.436000E1	-2.474342E-1
2.436500E1	-2.465721E-1
2.436833E1	-2.404683E-1
2.437667E1	-2.397255E-1
2.438167E1	-2.389812E-1
2.438500E1	-2.381899E-1
2.439000E1	-2.373882E-1
2.439333E1	-2.397468E-1
2.439833E1	-2.389068E-1
2.440167E1	-2.342796E-1
2.440667E1	-2.331558E-1
2.441000E1	-2.319630E-1
2.441500E1	-2.308510E-1
2.441833E1	-2.297333E-1
2.442333E1	-2.278426E-1
2.443167E1	-2.269776E-1
2.443500E1	-2.262055E-1
2.444000E1	-2.251130E-1
2.444333E1	-2.240015E-1
2.444833E1	-2.231512E-1
2.445167E1	-2.219808E-1
2.445667E1	-2.208955E-1
2.446000E1	-2.200527E-1
2.446500E1	-2.185543E-1
2.446833E1	-2.178986E-1
2.447333E1	-2.169763E-1
2.447667E1	-2.161699E-1
2.448167E1	-2.151247E-1
2.448500E1	-2.113054E-1
2.449833E1	-2.097623E-1
2.450167E1	-2.089668E-1
2.450667E1	-2.074012E-1
2.451000E1	-2.051819E-1
2.451833E1	-2.038922E-1
2.452333E1	-2.027454E-1
2.452667E1	-2.017258E-1
2.453167E1	-2.004173E-1
2.453500E1	-1.992757E-1
2.454000E1	-1.978717E-1
2.454333E1	-1.966743E-1
2.454833E1	-1.958019E-1
2.455167E1	-1.917267E-1
2.456500E1	-1.905319E-1
2.456833E1	-1.893168E-1
2.457333E1	-1.877938E-1
2.457667E1	-1.864065E-1
2.458167E1	-1.850779E-1
2.458500E1	-1.838615E-1
2.459000E1	-1.825416E-1
2.459333E1	-1.809349E-1
2.459833E1	-1.797896E-1
2.460167E1	-1.784860E-1
2.460667E1	-1.769943E-1
2.461167E1	-1.758112E-1
2.461500E1	-1.731998E-1
2.462333E1	-1.716101E-1
2.462833E1	-1.689130E-1
2.463667E1	-1.674895E-1
2.464000E1	-1.659798E-1
2.464500E1	-1.645027E-1
2.464833E1	-1.629254E-1
2.465333E1	-1.614021E-1
2.465667E1	-1.598448E-1
2.466167E1	-1.583996E-1
2.466500E1	-1.567652E-1
2.467000E1	-1.553066E-1
2.467333E1	-1.539193E-1
2.467833E1	-1.493618E-1
2.469000E1	-1.482265E-1
2.469500E1	-1.465493E-1
2.469833E1	-1.451693E-1
2.470333E1	-1.420259E-1
2.471167E1	-1.406231E-1
2.471500E1	-1.389494E-1
2.472000E1	-1.377793E-1
2.472333E1	-1.362717E-1
2.472833E1	-1.347563E-1
2.473167E1	-1.332507E-1
2.473667E1	-1.316188E-1
2.474000E1	-1.302318E-1
2.474500E1	-1.254677E-1
2.475667E1	-1.243762E-1
2.476167E1	-1.226595E-1
2.476500E1	-1.209980E-1
2.477000E1	-1.182303E-1
2.477833E1	-1.165640E-1
2.478167E1	-1.150912E-1
2.478667E1	-1.137586E-1
2.479000E1	-1.119234E-1
2.479500E1	-1.106294E-1
2.479833E1	-1.089373E-1
2.480333E1	-1.072113E-1
2.480667E1	-1.052340E-1
2.481167E1	-1.037035E-1
2.481500E1	-1.020625E-1
2.482000E1	-1.005773E-1
2.482333E1	-9.907713E-2
2.482833E1	-9.758521E-2
2.483167E1	-9.587130E-2
2.483667E1	-9.433328E-2
2.484000E1	-9.277647E-2
2.484500E1	-9.105599E-2
2.484833E1	-8.937765E-2
2.485333E1	-8.781670E-2
2.485667E1	-8.629117E-2
2.486167E1	-8.457401E-2
2.486500E1	-8.112045E-2
2.487333E1	-7.950113E-2
2.487833E1	-7.609292E-2
2.488667E1	-7.441059E-2
2.489000E1	-7.283913E-2
2.489500E1	-7.132017E-2
2.489833E1	-6.972204E-2
2.490333E1	-6.825977E-2
2.490667E1	-6.679482E-2
2.491167E1	-6.514639E-2
2.491500E1	-6.336401E-2
2.492000E1	-6.181689E-2
2.492333E1	-5.987314E-2
2.492833E1	-5.662868E-2
2.493667E1	-5.357109E-2
2.494500E1	-5.188935E-2
2.494833E1	-4.845392E-2
2.495667E1	-4.677778E-2
2.496167E1	-4.528515E-2
2.496500E1	-4.345902E-2
2.497000E1	-4.171125E-2
2.497333E1	-4.024926E-2
2.497833E1	-3.862567E-2
2.498167E1	-3.685961E-2
2.498667E1	-3.518961E-2
2.499000E1	-3.372816E-2
2.499500E1	-3.210674E-2
2.499833E1	-3.069190E-2
2.500333E1	-2.749572E-2
2.501167E1	-2.568082E-2
2.501500E1	-2.447463E-2
2.502000E1	-2.262585E-2
2.502333E1	-2.099564E-2
2.502833E1	-1.950527E-2
2.503167E1	-1.782015E-2
2.503667E1	-1.629827E-2
2.504000E1	-1.449134E-2
2.504500E1	-1.292319E-2
2.504833E1	-1.135340E-2
2.505333E1	-9.904783E-3
2.505667E1	-8.637363E-3
2.506167E1	-5.297559E-3
2.507000E1	-2.331874E-3
2.507833E1	-5.607413E-4
2.508167E1	-1.420315E-3
2.508667E1	2.069112E-4
2.509000E1	1.792729E-3
2.509500E1	3.181455E-3
2.509833E1	4.823692E-3
2.510333E1	6.404738E-3
2.510667E1	7.949236E-3
2.511167E1	9.452855E-3
2.511500E1	1.094861E-2
2.512000E1	1.247025E-2
2.512333E1	1.416355E-2
2.512833E1	1.740548E-2
2.513667E1	2.046969E-2
2.514500E1	2.212278E-2
2.514833E1	2.358848E-2
2.515333E1	2.502601E-2
2.515667E1	2.647341E-2
2.516167E1	2.814031E-2
2.516500E1	2.964783E-2
2.517000E1	3.143570E-2
2.517333E1	3.278825E-2
2.517833E1	3.441382E-2
2.518167E1	3.567687E-2
2.518667E1	3.735278E-2
2.519000E1	4.158351E-2
2.520333E1	4.302564E-2
2.520667E1	4.439680E-2
2.521167E1	4.564600E-2
2.521500E1	4.889426E-2
2.522333E1	5.029887E-2
2.522833E1	5.173096E-2
2.523167E1	5.346624E-2
2.523667E1	5.507291E-2
2.524000E1	5.644296E-2
2.524500E1	5.802388E-2
2.524833E1	5.953635E-2
2.525333E1	6.125611E-2
2.525833E1	6.265220E-2
2.526167E1	6.392142E-2
2.526667E1	6.661867E-2
2.527500E1	6.779448E-2
2.527833E1	6.908299E-2
2.528333E1	7.054385E-2
2.528667E1	7.176188E-2
2.529167E1	7.282196E-2
2.529500E1	7.393933E-2
2.530000E1	7.526432E-2
2.530333E1	7.664884E-2
2.530833E1	7.787266E-2
2.531167E1	7.920120E-2
2.531667E1	8.167861E-2
2.532500E1	8.420082E-2
2.533333E1	8.533104E-2
2.533667E1	8.149119E-2
2.534167E1	8.079533E-2
2.534500E1	8.232464E-2
2.535000E1	8.342627E-2
2.535333E1	8.879026E-2
2.535833E1	8.578553E-2
2.536167E1	8.650486E-2
2.536667E1	8.765223E-2
2.537000E1	8.882526E-2
2.537500E1	9.032008E-2
2.537833E1	9.154233E-2
2.538667E1	9.919745E-2
2.539167E1	1.014616E-1
2.540000E1	9.649403E-2
2.540333E1	9.618366E-2
2.544500E1	1.033310E-1
2.545000E1	1.033310E-1
2.545833E1	1.123164E-1
2.546167E1	1.123164E-1
2.546667E1	1.123164E-1
2.547000E1	1.123164E-1
2.547500E1	9.580477E-2
2.547833E1	9.614874E-2
2.548333E1	9.690827E-2
2.548667E1	9.040364E-2
2.549167E1	8.731559E-2
2.549500E1	9.155325E-2
2.550000E1	9.347384E-2
2.550333E1	9.347403E-2
2.550833E1	9.155236E-2
2.551667E1	9.539584E-2
2.552500E1	1.030815E-1
2.553333E1	1.038435E-1
2.553667E1	1.050037E-1
2.554167E1	1.065423E-1
2.554500E1	1.092302E-1
2.555000E1	1.080732E-1
2.555333E1	1.099972E-1
2.555833E1	1.107704E-1
2.556167E1	1.107691E-1
2.556667E1	1.138409E-1
2.557000E1	1.161440E-1
2.557500E1	1.146073E-1
2.557833E1	1.153774E-1
2.558333E1	1.161503E-1
2.559167E1	1.172980E-1
2.559500E1	1.172992E-1
2.560000E1	1.169189E-1
2.560333E1	1.176843E-1
2.561167E1	1.238140E-1
2.561667E1	1.245999E-1
2.562000E1	1.253760E-1
2.562500E1	1.257771E-1
2.562833E1	1.268949E-1
2.563333E1	1.276555E-1
2.563667E1	1.288013E-1
2.564500E1	1.299865E-1
2.565333E1	1.303800E-1
2.565833E1	1.310780E-1
2.566167E1	1.315412E-1
2.566667E1	1.322689E-1
2.567000E1	1.330317E-1
2.567500E1	1.337667E-1
2.567833E1	1.341448E-1
2.568333E1	1.349610E-1
2.568667E1	1.353654E-1
2.569167E1	1.356816E-1
2.569500E1	1.361477E-1
2.570000E1	1.369322E-1
2.570833E1	1.372578E-1
2.571167E1	1.379615E-1
2.572000E1	1.384474E-1
2.572500E1	1.388270E-1
2.572833E1	1.384367E-1
2.573333E1	1.392033E-1
2.573667E1	1.395580E-1
2.574167E1	1.399649E-1
2.574500E1	1.403185E-1
2.575000E1	1.407377E-1
2.575333E1	1.407595E-1
2.575833E1	1.411368E-1
2.576167E1	1.415111E-1
2.576667E1	1.418843E-1
2.577500E1	1.418963E-1
2.577833E1	1.422725E-1
2.578667E1	1.426462E-1
2.579167E1	1.426770E-1
2.579500E1	1.429796E-1
2.580000E1	1.430766E-1
2.580333E1	1.430996E-1
2.580833E1	1.430883E-1
2.581167E1	1.430688E-1
2.581667E1	1.430700E-1
2.582000E1	1.433580E-1
2.582500E1	1.434261E-1
2.582833E1	1.434387E-1
2.583667E1	1.434336E-1
2.584167E1	1.434091E-1
2.585000E1	1.434615E-1
2.585333E1	1.433732E-1
2.585833E1	1.431097E-1
2.586167E1	1.430571E-1
2.586667E1	1.429823E-1
2.587000E1	1.430486E-1
2.587500E1	1.430003E-1
2.587833E1	1.429717E-1
2.588333E1	1.426668E-1
2.588667E1	1.426199E-1
2.589167E1	1.423228E-1
2.589500E1	1.415413E-1
2.590833E1	1.414747E-1
2.591167E1	1.414841E-1
2.591667E1	1.410884E-1
2.592167E1	1.406790E-1
2.593000E1	1.403987E-1
2.593333E1	1.400257E-1
2.593833E1	1.396468E-1
2.594167E1	1.388677E-1
2.594667E1	1.384559E-1
2.595000E1	1.384227E-1
2.595500E1	1.380237E-1
2.595833E1	1.369408E-1
2.596667E1	1.365042E-1
2.597167E1	1.361780E-1
2.597500E1	1.353404E-1
2.598000E1	1.345514E-1
2.598833E1	1.338866E-1
2.599167E1	1.333811E-1
2.599667E1	1.330014E-1
2.600000E1	1.323845E-1
2.600500E1	1.318204E-1
2.600833E1	1.314662E-1
2.601333E1	1.310468E-1
2.601667E1	1.307408E-1
2.602167E1	1.299898E-1
2.602500E1	1.295514E-1
2.603000E1	1.279980E-1
2.603833E1	1.276242E-1
2.604167E1	1.269221E-1
2.604667E1	1.262198E-1
2.605000E1	1.254614E-1
2.605500E1	1.253870E-1
2.605833E1	1.246345E-1
2.606333E1	1.238796E-1
2.606667E1	1.230523E-1
2.607167E1	1.226358E-1
2.607500E1	1.218701E-1
2.608000E1	1.211367E-1
2.608333E1	1.207169E-1
2.608833E1	1.196666E-1
2.609167E1	1.177483E-1
2.610000E1	1.168686E-1
2.610500E1	1.164806E-1
2.610833E1	1.153926E-1
2.611333E1	1.145527E-1
2.611667E1	1.138987E-1
2.612167E1	1.135027E-1
2.612500E1	1.123673E-1
2.613000E1	1.114534E-1
2.613333E1	1.110815E-1
2.613833E1	1.100558E-1
2.614167E1	1.088514E-1
2.614667E1	1.069937E-1
2.615500E1	1.064837E-1
2.615833E1	1.045483E-1
2.616667E1	1.037258E-1
2.617167E1	1.029986E-1
2.617500E1	1.019082E-1
2.618000E1	1.010919E-1
2.618333E1	1.000024E-1
2.618833E1	9.920058E-2
2.619167E1	9.814990E-2
2.619667E1	9.694291E-2
2.620000E1	9.604980E-2
2.620500E1	9.535290E-2
2.620833E1	9.429573E-2
2.621333E1	8.959564E-2
2.623000E1	8.842253E-2
2.623333E1	8.739959E-2
2.623833E1	8.616878E-2
2.624167E1	8.391168E-2
2.625000E1	8.271067E-2
2.625500E1	8.152373E-2
2.625833E1	8.042778E-2
2.626333E1	7.918123E-2
2.626667E1	7.809515E-2
2.627167E1	7.697992E-2
2.627500E1	7.581354E-2
2.628000E1	7.344401E-2
2.628833E1	7.225136E-2
2.629167E1	7.118712E-2
2.629667E1	6.996421E-2
2.630000E1	6.861199E-2
2.630500E1	6.699417E-2
2.630833E1	6.573470E-2
2.631333E1	6.467520E-2
2.631667E1	6.341014E-2
2.632167E1	6.190212E-2
2.632500E1	6.077804E-2
2.633000E1	5.958654E-2
2.633333E1	5.819401E-2
2.633833E1	5.692801E-2
2.634167E1	5.420879E-2
2.635000E1	5.283656E-2
2.635500E1	5.153419E-2
2.635833E1	5.013659E-2
2.636333E1	4.861830E-2
2.636667E1	4.701151E-2
2.637167E1	4.554491E-2
2.637500E1	4.418508E-2
2.638000E1	4.311050E-2
2.638333E1	4.188064E-2
2.638833E1	4.080067E-2
2.639167E1	3.930231E-2
2.639667E1	3.806671E-2
2.640000E1	3.657307E-2
2.640500E1	3.384964E-2
2.641333E1	3.236808E-2
2.641667E1	2.964234E-2
2.642500E1	2.818030E-2
2.643000E1	2.669652E-2
2.643333E1	2.510108E-2
2.643833E1	2.356288E-2
2.644167E1	2.205344E-2
2.644667E1	2.052706E-2
2.645000E1	1.894037E-2
2.645500E1	1.778416E-2
2.645833E1	1.782427E-2
2.646333E1	1.739881E-2
2.646667E1	1.748644E-2
2.647167E1	1.774310E-2
2.648000E1	1.812791E-2
2.648333E1	1.929900E-2
2.649167E1	1.855884E-2
2.649667E1	1.123725E-2
2.650000E1	1.128375E-2
2.650500E1	1.090872E-2
2.650833E1	1.054939E-2
2.651333E1	1.050811E-2
2.651667E1	1.006853E-2
2.652167E1	8.947514E-3
2.652500E1	8.145106E-3
2.653000E1	6.660755E-3
2.653333E1	4.284594E-3
2.653833E1	9.273895E-4
2.654667E1	-6.050636E-4
2.655000E1	-2.251229E-3
2.655500E1	-3.921862E-3
2.655833E1	-5.256804E-3
2.656333E1	-8.726968E-3
2.657167E1	-1.028476E-2
2.657667E1	-1.182151E-2
2.658000E1	-1.338059E-2
2.658500E1	-1.489712E-2
2.658833E1	-1.640754E-2
2.659333E1	-1.799879E-2
2.659667E1	-1.949602E-2
2.660167E1	-2.418328E-2
2.661333E1	-2.571807E-2
2.661833E1	-2.724184E-2
2.662167E1	-2.883451E-2
2.662667E1	-3.207840E-2
2.663500E1	-3.372093E-2
2.663833E1	-3.419758E-2
2.664333E1	-3.489710E-2
2.664667E1	-3.560323E-2
2.665167E1	-3.725245E-2
2.665500E1	-3.808600E-2
2.666000E1	-3.962757E-2
2.666333E1	-4.134352E-2
2.666833E1	-4.305439E-2
2.667167E1	-4.449106E-2
2.667667E1	-4.607358E-2
2.668000E1	-4.678147E-2
2.668500E1	-4.834293E-2
2.668833E1	-4.994371E-2
2.669333E1	-5.069824E-2
2.669667E1	-5.229935E-2
2.670167E1	-5.384945E-2
2.670500E1	-5.533748E-2
2.671000E1	-5.675850E-2
2.671333E1	-5.844885E-2
2.671833E1	-6.142353E-2
2.672667E1	-6.371493E-2
2.673000E1	-6.642285E-2
2.673833E1	-6.983417E-2
2.674667E1	-7.101280E-2
2.675167E1	-7.260460E-2
2.675500E1	-7.444808E-2
2.676000E1	-7.564480E-2
2.676333E1	-7.724758E-2
2.676833E1	-7.870502E-2
2.677167E1	-8.069780E-2
2.677667E1	-8.289421E-2
2.678000E1	-8.440923E-2
2.678500E1	-8.602351E-2
2.678833E1	-8.713275E-2
2.679333E1	-9.058307E-2
2.680500E1	-9.252814E-2
2.681000E1	-9.290707E-2
2.681333E1	-9.561088E-2
2.681833E1	-9.875621E-2
2.682667E1	-9.944179E-2
2.683000E1	-1.005596E-1
2.683500E1	-1.029096E-1
2.683833E1	-1.036739E-1
2.684333E1	-1.067500E-1
2.684667E1	-1.090327E-1
2.685167E1	-1.101987E-1
2.685500E1	-1.102150E-1
2.686000E1	-1.118482E-1
2.686333E1	-1.140460E-1
2.686833E1	-1.148102E-1
2.687167E1	-1.167645E-1
2.687667E1	-1.178815E-1
2.688000E1	-1.197918E-1
2.688500E1	-1.228687E-1
2.688833E1	-1.236423E-1
2.689333E1	-1.251603E-1
2.689667E1	-1.259607E-1
2.690167E1	-1.275252E-1
2.690500E1	-1.290482E-1
2.691000E1	-1.298380E-1
2.691333E1	-1.347702E-1
2.692167E1	-1.355560E-1
2.692667E1	-1.378618E-1
2.693500E1	-1.405915E-1
2.693833E1	-1.416820E-1
2.694333E1	-1.424605E-1
2.694667E1	-1.447734E-1
2.695167E1	-1.478490E-1
2.695500E1	-1.489963E-1
2.696000E1	-1.482575E-1
2.696333E1	-1.501523E-1
2.696833E1	-1.509331E-1
2.697167E1	-1.551496E-1
2.697667E1	-1.566750E-1
2.698500E1	-1.571133E-1
2.698833E1	-1.616920E-1
2.699667E1	-1.632281E-1
2.700167E1	-1.632140E-1
2.700500E1	-1.647518E-1
2.701000E1	-1.662840E-1
2.701333E1	-1.677768E-1
2.701833E1	-1.709640E-1
2.702167E1	-1.717504E-1
2.702667E1	-1.717676E-1
2.703000E1	-1.731939E-1
2.703500E1	-1.755975E-1
2.703833E1	-1.756062E-1
2.704333E1	-1.766610E-1
2.704667E1	-1.812555E-1
2.705500E1	-1.840188E-1
2.706333E1	-1.840488E-1
2.706833E1	-1.875183E-1
2.707167E1	-1.870364E-1
2.707667E1	-1.862915E-1
2.708000E1	-1.886219E-1
2.708500E1	-1.901111E-1
2.708833E1	-1.931819E-1
2.709333E1	-1.982996E-1
2.709667E1	-1.933412E-1
2.710167E1	-1.956172E-1
2.710500E1	-1.994183E-1
2.711000E1	-2.032608E-1
2.711333E1	-2.037412E-1
2.712167E1	-2.050792E-1
2.713000E1	-2.059522E-1
2.713500E1	-2.096866E-1
2.713833E1	-2.058925E-1
2.714333E1	-2.062788E-1
2.714667E1	-2.078526E-1
2.715167E1	-2.147073E-1
2.715500E1	-2.139920E-1
2.716000E1	-2.116592E-1
2.716333E1	-2.116688E-1
2.716833E1	-2.127674E-1
2.717167E1	-2.136049E-1
2.717667E1	-2.158115E-1
2.718500E1	-2.178422E-1
2.719333E1	-2.239157E-1
2.719667E1	-2.262664E-1
2.720167E1	-2.261581E-1
2.720500E1	-2.293241E-1
2.721000E1	-2.300250E-1
2.721500E1	-2.311420E-1
2.721833E1	-2.323686E-1
2.722333E1	-2.336341E-1
2.722667E1	-2.343087E-1
2.723167E1	-2.353873E-1
2.723500E1	-2.364849E-1
2.724000E1	-2.396358E-1
2.725167E1	-2.403813E-1
2.725667E1	-2.416084E-1
2.726000E1	-2.434388E-1
2.726500E1	-2.453377E-1
2.727333E1	-2.462209E-1
2.727667E1	-2.469387E-1
2.728167E1	-2.484535E-1
2.728500E1	-2.492655E-1
2.729000E1	-2.499184E-1
2.729333E1	-2.507448E-1
2.729833E1	-2.514300E-1
2.730167E1	-2.519716E-1
2.730667E1	-2.531129E-1
2.731000E1	-2.538206E-1
2.731500E1	-2.552922E-1
2.732333E1	-2.561942E-1
2.732667E1	-2.569552E-1
2.733167E1	-2.576351E-1
2.733500E1	-2.581959E-1
2.734000E1	-2.588367E-1
2.734333E1	-2.595544E-1
2.734833E1	-2.599840E-1
2.735167E1	-2.607110E-1
2.735667E1	-2.613172E-1
2.736000E1	-2.619223E-1
2.736500E1	-2.628316E-1
2.737333E1	-2.636935E-1
2.738167E1	-2.642136E-1
2.738500E1	-2.649637E-1
2.739000E1	-2.652275E-1
2.739333E1	-2.657983E-1
2.739833E1	-2.658304E-1
2.740167E1	-2.665771E-1
2.740667E1	-2.662357E-1
2.741000E1	-2.669698E-1
2.741500E1	-2.676663E-1
2.741833E1	-2.681310E-1
2.742333E1	-2.684959E-1
2.742667E1	-2.696360E-1
2.744000E1	-2.715480E-1
2.744833E1	-2.719731E-1
2.745167E1	-2.719503E-1
2.745667E1	-2.723293E-1
2.746000E1	-2.731228E-1
2.746500E1	-2.731254E-1
2.746833E1	-2.735213E-1
2.747333E1	-2.742690E-1
2.747667E1	-2.743225E-1
2.748167E1	-2.746512E-1
2.748500E1	-2.746964E-1
2.749000E1	-2.746881E-1
2.749333E1	-2.754240E-1
2.750667E1	-2.754433E-1
2.751000E1	-2.754564E-1
2.751500E1	-2.754244E-1
2.751833E1	-2.754334E-1
2.752667E1	-2.754734E-1
2.753167E1	-2.827149E-1
2.753500E1	-2.827758E-1
2.754000E1	-2.830911E-1
2.754333E1	-2.831498E-1
2.754833E1	-2.831383E-1
2.755167E1	-2.834322E-1
2.755667E1	-2.834892E-1
2.756000E1	-2.834834E-1
2.756500E1	-2.835006E-1
2.756833E1	-2.835252E-1
2.757667E1	-2.834268E-1
2.758167E1	-2.834797E-1
2.758500E1	-2.835022E-1
2.759000E1	-2.834964E-1
2.759333E1	-2.835075E-1
2.759833E1	-2.834873E-1
2.760167E1	-2.834839E-1
2.760667E1	-2.834693E-1
2.761000E1	-2.830863E-1
2.761500E1	-2.827381E-1
2.761833E1	-2.827524E-1
2.762333E1	-2.815626E-1
2.763500E1	-2.808201E-1
2.764000E1	-2.804228E-1
2.764333E1	-2.800494E-1
2.764833E1	-2.799716E-1
2.765667E1	-2.796166E-1
2.766000E1	-2.792079E-1
2.766500E1	-2.788598E-1
2.766833E1	-2.780975E-1
2.767333E1	-2.780622E-1
2.767667E1	-2.776896E-1
2.768167E1	-2.769568E-1
2.768500E1	-2.764978E-1
2.769000E1	-2.762151E-1
2.769333E1	-2.758037E-1
2.769833E1	-2.738768E-1
2.770667E1	-2.734436E-1
2.771000E1	-2.730901E-1
2.771500E1	-2.723688E-1
2.771833E1	-2.722761E-1
2.772333E1	-2.712140E-1
2.772667E1	-2.700688E-1
2.773167E1	-2.695635E-1
2.773500E1	-2.688627E-1
2.774000E1	-2.681541E-1
2.774333E1	-2.680915E-1
2.774833E1	-2.661749E-1
2.775667E1	-2.646656E-1
2.776500E1	-2.638822E-1
2.776833E1	-2.627537E-1
2.777333E1	-2.620040E-1
2.777667E1	-2.515841E-1
2.778167E1	-2.508008E-1
2.778500E1	-2.496647E-1
2.779000E1	-2.493013E-1
2.779333E1	-2.481556E-1
2.779833E1	-2.470046E-1
2.780167E1	-2.461993E-1
2.780667E1	-2.442957E-1
2.781000E1	-2.424151E-1
2.781833E1	-2.416605E-1
2.782333E1	-2.396995E-1
2.783167E1	-2.400844E-1
2.783500E1	-2.381673E-1
2.784000E1	-2.373352E-1
2.784333E1	-2.358814E-1
2.784833E1	-2.350299E-1
2.785167E1	-2.346874E-1
2.785667E1	-2.339391E-1
2.786000E1	-2.324057E-1
2.786500E1	-2.307832E-1
2.786833E1	-2.300727E-1
2.787333E1	-2.289493E-1
2.787833E1	-2.258667E-1
2.789500E1	-2.247394E-1
2.789833E1	-2.274175E-1
2.790333E1	-2.220380E-1
2.790667E1	-2.215475E-1
2.791167E1	-2.247239E-1
2.791500E1	-2.235140E-1
2.792000E1	-2.220782E-1
2.792333E1	-2.212233E-1
2.792833E1	-2.197508E-1
2.793167E1	-2.189197E-1
2.793667E1	-2.174875E-1
2.794000E1	-2.155518E-1
2.794500E1	-2.070134E-1
2.795667E1	-2.056578E-1
2.796167E1	-2.044079E-1
2.796500E1	-2.073436E-1
2.797000E1	-2.063053E-1
2.797333E1	-2.054370E-1
2.797833E1	-2.039359E-1
2.798167E1	-2.029037E-1
2.798667E1	-2.011726E-1
2.799000E1	-2.002705E-1
2.799500E1	-1.985806E-1
2.799833E1	-1.972519E-1
2.800333E1	-1.960092E-1
2.800667E1	-1.919318E-1
2.802000E1	-1.894876E-1
2.802833E1	-1.880027E-1
2.803167E1	-1.866528E-1
2.803667E1	-1.852413E-1
2.804000E1	-1.840441E-1
2.804500E1	-1.829215E-1
2.804833E1	-1.810430E-1
2.805333E1	-1.798035E-1
2.805667E1	-1.785605E-1
2.806167E1	-1.769094E-1
2.806500E1	-1.755297E-1
2.807000E1	-1.742590E-1
2.807333E1	-1.730454E-1
2.807833E1	-1.700387E-1
2.808667E1	-1.687293E-1
2.809000E1	-1.671813E-1
2.809500E1	-1.654399E-1
2.809833E1	-1.640190E-1
2.810333E1	-1.624080E-1
2.810667E1	-1.606304E-1
2.811167E1	-1.590401E-1
2.811500E1	-1.573245E-1
2.812000E1	-1.557183E-1
2.812333E1	-1.539652E-1
2.812833E1	-1.523687E-1
2.813167E1	-1.492964E-1
2.814000E1	-1.461309E-1
2.814833E1	-1.444827E-1
2.815333E1	-1.429038E-1
2.815667E1	-1.409361E-1
2.816167E1	-1.393053E-1
2.816500E1	-1.376640E-1
2.817000E1	-1.358320E-1
2.817333E1	-1.339785E-1
2.817833E1	-1.323208E-1
2.818167E1	-1.305082E-1
2.818667E1	-1.286701E-1
2.819000E1	-1.265947E-1
2.819500E1	-1.248149E-1
2.819833E1	-1.216923E-1
2.820667E1	-1.200260E-1
2.821167E1	-1.179094E-1
2.821500E1	-1.162753E-1
2.822000E1	-1.148102E-1
2.822333E1	-1.127351E-1
2.822833E1	-1.116070E-1
2.823167E1	-1.101353E-1
2.823667E1	-1.083404E-1
2.824000E1	-1.068276E-1
2.824500E1	-1.050335E-1
2.824833E1	-1.035632E-1
2.825333E1	-1.018278E-1
2.825667E1	-1.003195E-1
2.826167E1	-9.358343E-2
2.827833E1	-9.203047E-2
2.828167E1	-9.039186E-2
2.828667E1	-8.862912E-2
2.829000E1	-8.539321E-2
2.829833E1	-8.358888E-2
2.830333E1	-8.209429E-2
2.830667E1	-8.041063E-2
2.831167E1	-7.893023E-2
2.831500E1	-7.728566E-2
2.832000E1	-7.569334E-2
2.832333E1	-7.391781E-2
2.832833E1	-7.068077E-2
2.833667E1	-6.911232E-2
2.834000E1	-6.566541E-2
2.834833E1	-6.390289E-2
2.835333E1	-6.069973E-2
2.836167E1	-5.929284E-2
2.836500E1	-5.771807E-2
2.837000E1	-5.589881E-2
2.837333E1	-5.418236E-2
2.837833E1	-5.244293E-2
2.838167E1	-5.082840E-2
2.838667E1	-4.933276E-2
2.839000E1	-4.766210E-2
2.839500E1	-4.616445E-2
2.839833E1	-4.431925E-2
2.840333E1	-4.123649E-2
2.841167E1	-3.980046E-2
2.841500E1	-3.820141E-2
2.842000E1	-3.667086E-2
2.842333E1	-3.502287E-2
2.842833E1	-3.327997E-2
2.843167E1	-3.171595E-2
2.843667E1	-2.996502E-2
2.844000E1	-2.818508E-2
2.844500E1	-2.654573E-2
2.844833E1	-2.490526E-2
2.845333E1	-2.144063E-2
2.846167E1	-1.967235E-2
2.846500E1	-1.642706E-2
2.847333E1	-1.490259E-2
2.847833E1	-1.326254E-2
2.848167E1	-1.171053E-2
2.848667E1	-1.018014E-2
2.849000E1	-8.520484E-3
2.849500E1	-6.850160E-3
2.849833E1	-5.343400E-3
2.850333E1	-3.554003E-3
2.850667E1	-2.068422E-3
2.851167E1	-8.426448E-4
2.851667E1	1.003367E-3
2.852000E1	5.529166E-3
2.853333E1	7.133711E-3
2.853667E1	8.490610E-3
2.854167E1	1.021612E-2
2.854500E1	1.170252E-2
2.855000E1	1.319601E-2
2.855333E1	1.476006E-2
2.855833E1	1.625990E-2
2.856167E1	1.771535E-2
2.856667E1	1.923390E-2
2.857000E1	2.074570E-2
2.857500E1	2.200595E-2
2.857833E1	2.385439E-2
2.858333E1	2.528338E-2
2.858667E1	2.842504E-2
2.859500E1	3.142866E-2
2.860333E1	3.302204E-2
2.860833E1	3.447497E-2
2.861167E1	3.569494E-2
2.861667E1	3.733333E-2
2.862000E1	3.867441E-2
2.862500E1	3.999946E-2
2.862833E1	4.124400E-2
2.863333E1	4.276860E-2
2.863667E1	4.424663E-2
2.864167E1	4.577466E-2
2.864500E1	4.702486E-2
2.865000E1	4.812851E-2
2.865333E1	5.118109E-2
2.866167E1	5.392730E-2
2.867000E1	5.390019E-2
2.867500E1	5.542442E-2
2.867833E1	5.658737E-2
2.868333E1	5.888441E-2
2.868667E1	6.004846E-2
2.869167E1	6.004886E-2
2.869500E1	6.196425E-2
2.870000E1	6.350138E-2
2.870333E1	6.502995E-2
2.870833E1	6.655779E-2
2.871167E1	7.041650E-2
2.872500E1	7.195495E-2
2.872833E1	7.234365E-2
2.873333E1	7.426159E-2
2.873667E1	7.541634E-2
2.874167E1	7.693287E-2
2.874500E1	7.811343E-2
2.875000E1	7.926421E-2
2.875333E1	8.041554E-2
2.875833E1	8.156882E-2
2.876167E1	8.309376E-2
2.876667E1	8.424703E-2
2.877000E1	8.539885E-2
2.877500E1	8.657149E-2
2.877833E1	8.883936E-2
2.878667E1	9.153869E-2
2.879500E1	9.271095E-2
2.880000E1	9.385503E-2
2.880333E1	9.503840E-2
2.880833E1	9.616063E-2
2.881167E1	9.725501E-2
2.881667E1	9.846166E-2
2.882000E1	9.955739E-2
2.882500E1	1.003934E-1
2.882833E1	1.014211E-1
2.883333E1	1.026058E-1
2.883667E1	1.035699E-1
2.884167E1	1.045367E-1
2.884500E1	1.065510E-1
2.885333E1	1.075886E-1
2.885833E1	1.085596E-1
2.886167E1	1.094800E-1
2.886667E1	1.106979E-1
2.887000E1	1.116057E-1
2.887500E1	1.126738E-1
2.887833E1	1.134658E-1
2.888333E1	1.146369E-1
2.888667E1	1.154451E-1
2.889167E1	1.164853E-1
2.889500E1	1.176425E-1
2.890000E1	1.185903E-1
2.890333E1	1.195371E-1
2.890833E1	1.212284E-1
2.891667E1	1.219726E-1
2.892000E1	1.234959E-1
2.892833E1	1.243583E-1
2.893333E1	1.249662E-1
2.893667E1	1.258206E-1
2.894167E1	1.266363E-1
2.894500E1	1.274077E-1
2.895000E1	1.281055E-1
2.895333E1	1.288635E-1
2.895833E1	1.298616E-1
2.896167E1	1.308316E-1
2.896667E1	1.312296E-1
2.897000E1	1.319481E-1
2.897500E1	1.334077E-1
2.898333E1	1.342865E-1
2.898667E1	1.347280E-1
2.899167E1	1.353690E-1
2.899500E1	1.366055E-1
2.900333E1	1.371131E-1
2.900833E1	1.379456E-1
2.901167E1	1.386454E-1
2.901667E1	1.395048E-1
2.902000E1	1.400159E-1
2.902500E1	1.407333E-1
2.902833E1	1.412406E-1
2.903333E1	1.415664E-1
2.903667E1	1.426499E-1
2.904500E1	1.432360E-1
2.905000E1	1.434585E-1
2.905333E1	1.437258E-1
2.905833E1	1.443398E-1
2.906167E1	1.454018E-1
2.906667E1	1.455308E-1
2.907000E1	1.456841E-1
2.907500E1	1.459726E-1
2.907833E1	1.465193E-1
2.908333E1	1.467338E-1
2.908667E1	1.474926E-1
2.909167E1	1.484544E-1
2.909500E1	1.496245E-1
2.910833E1	1.498024E-1
2.911167E1	1.499466E-1
2.911667E1	1.511019E-1
2.912000E1	1.515981E-1
2.912500E1	1.515561E-1
2.912833E1	1.517916E-1
2.913333E1	1.521676E-1
2.913667E1	1.525666E-1
2.914167E1	1.530134E-1
2.914500E1	1.531429E-1
2.915000E1	1.530787E-1
2.915333E1	1.534131E-1
2.915833E1	1.538298E-1
2.917167E1	1.541471E-1
2.917500E1	1.542003E-1
2.918000E1	1.544869E-1
2.918333E1	1.545998E-1
2.919167E1	1.548162E-1
2.919667E1	1.552436E-1
2.920000E1	1.553995E-1
2.920500E1	1.552583E-1
2.920833E1	1.554100E-1
2.921333E1	1.553436E-1
2.921667E1	1.553969E-1
2.922167E1	1.553529E-1
2.922500E1	1.557514E-1
2.923333E1	1.559130E-1
2.924167E1	1.556585E-1
2.924667E1	1.559318E-1
2.925000E1	1.557979E-1
2.925833E1	1.557762E-1
2.926333E1	1.557091E-1
2.926667E1	1.557294E-1
2.927167E1	1.557499E-1
2.927500E1	1.557609E-1
2.928000E1	1.557564E-1
2.928333E1	1.556693E-1
2.928833E1	1.558845E-1
2.929667E1	1.554615E-1
2.930000E1	1.552838E-1
2.930833E1	1.550199E-1
2.931333E1	1.547017E-1
2.932167E1	1.545042E-1
2.932500E1	1.544883E-1
2.933000E1	1.544461E-1
2.933333E1	1.545097E-1
2.933833E1	1.543281E-1
2.934167E1	1.538323E-1
2.934667E1	1.535138E-1
2.935000E1	1.533294E-1
2.935500E1	1.531954E-1
2.935833E1	1.530427E-1
2.936667E1	1.526711E-1
2.937167E1	1.523363E-1
2.937500E1	1.519095E-1
2.938000E1	1.515998E-1
2.938333E1	1.511609E-1
2.938833E1	1.510417E-1
2.939167E1	1.507875E-1
2.939667E1	1.503554E-1
2.940000E1	1.499533E-1
2.940500E1	1.495983E-1
2.940833E1	1.491441E-1
2.941333E1	1.473166E-1
2.943000E1	1.472057E-1
2.943333E1	1.468079E-1
2.943833E1	1.464395E-1
2.944167E1	1.460790E-1
2.944667E1	1.457196E-1
2.945000E1	1.453421E-1
2.945500E1	1.449431E-1
2.945833E1	1.441788E-1
2.946333E1	1.438611E-1
2.946667E1	1.434107E-1
2.947167E1	1.427300E-1
2.947500E1	1.422352E-1
2.948000E1	1.403852E-1
2.949167E1	1.392483E-1
2.950000E1	1.387287E-1
2.950500E1	1.383883E-1
2.950833E1	1.377879E-1
2.951333E1	1.372439E-1
2.951667E1	1.368531E-1
2.952167E1	1.361825E-1
2.952500E1	1.354224E-1
2.953000E1	1.346924E-1
2.953333E1	1.337885E-1
2.953833E1	1.330184E-1
2.954167E1	1.323610E-1
2.954667E1	1.318653E-1
2.955000E1	1.303156E-1
2.955833E1	1.296254E-1
2.956333E1	1.287880E-1
2.956667E1	1.280789E-1
2.957167E1	1.265098E-1
2.958000E1	1.254363E-1
2.958333E1	1.253846E-1
2.958833E1	1.242217E-1
2.959167E1	1.245812E-1
2.959667E1	1.234701E-1
2.960000E1	1.223393E-1
2.960500E1	1.214995E-1
2.960833E1	1.199456E-1
2.961667E1	1.192198E-1
2.962167E1	1.184290E-1
2.962500E1	1.173079E-1
2.963000E1	1.164990E-1
2.963333E1	1.153707E-1
2.963833E1	1.146610E-1
2.964167E1	1.135110E-1
2.964667E1	1.122842E-1
2.965000E1	1.115323E-1
2.965500E1	1.104197E-1
2.965833E1	1.095393E-1
2.966333E1	1.085293E-1
2.966667E1	1.073391E-1
2.967167E1	1.054069E-1
2.968000E1	1.042120E-1
2.968333E1	1.034263E-1
2.968833E1	1.023822E-1
2.969167E1	1.014332E-1
2.969667E1	1.003504E-1
2.970000E1	9.959339E-2
2.970500E1	9.844227E-2
2.970833E1	9.735969E-2
2.971333E1	9.609436E-2
2.971667E1	9.535907E-2
2.972167E1	9.422362E-2
2.972500E1	9.321787E-2
2.973000E1	9.263859E-2
2.973333E1	9.044455E-2
2.974167E1	8.778733E-2
2.975000E1	8.687717E-2
2.975500E1	8.582477E-2
2.975833E1	8.460825E-2
2.976333E1	8.350774E-2
2.976667E1	8.229246E-2
2.977167E1	8.119797E-2
2.977500E1	8.001080E-2
2.978000E1	7.881807E-2
2.978333E1	7.737316E-2
2.978833E1	7.619001E-2
2.979167E1	7.506120E-2
2.979667E1	7.346838E-2
2.980000E1	3.929230E-2
2.980833E1	4.236650E-2
2.981333E1	4.159813E-2
2.981667E1	3.045032E-2
2.982167E1	1.632382E-3
2.982667E1	6.505355E-2
2.983000E1	6.364785E-2
2.983500E1	6.206016E-2
2.983833E1	6.042364E-2
2.984333E1	5.915296E-2
2.984667E1	5.800137E-2
2.985167E1	5.684807E-2
2.985500E1	5.579005E-2
2.986000E1	5.159327E-2
2.987167E1	5.043315E-2
2.987667E1	4.912768E-2
2.988000E1	4.785386E-2
2.988500E1	4.652647E-2
2.988833E1	4.388819E-2
2.989667E1	4.268201E-2
2.990167E1	4.111256E-2
2.990500E1	3.984921E-2
2.991000E1	3.847265E-2
2.991333E1	3.714014E-2
2.991833E1	3.570071E-2
2.992167E1	3.441653E-2
2.992667E1	3.145421E-2
2.993500E1	3.014989E-2
2.993833E1	2.881689E-2
2.994333E1	2.712398E-2
2.994667E1	2.562474E-2
2.995167E1	2.407556E-2
2.995500E1	2.276469E-2
2.996000E1	2.108908E-2
2.996333E1	1.968708E-2
2.996833E1	1.813383E-2
2.997167E1	1.673978E-2
2.997667E1	1.522342E-2
2.998000E1	1.380025E-2
2.998500E1	1.230857E-2
2.998833E1	6.642330E-3
3.000500E1	5.047292E-3
3.001000E1	3.715693E-3
3.001333E1	1.829849E-3
3.001833E1	3.523245E-4
3.002167E1	-1.232316E-3
3.002667E1	-2.347212E-3
3.003000E1	-3.888427E-3
3.003500E1	-5.289646E-3
3.003833E1	-6.881187E-3
3.004333E1	-8.402000E-3
3.004667E1	-9.870714E-3
3.005167E1	-1.133476E-2
3.005500E1	-1.280303E-2
3.006000E1	-1.611391E-2
3.006833E1	-1.924450E-2
3.007667E1	-2.059294E-2
3.008000E1	-2.245670E-2
3.008500E1	-2.389389E-2
3.008833E1	-2.544662E-2
3.009333E1	-2.695347E-2
3.009667E1	-2.848903E-2
3.010167E1	-2.985785E-2
3.010500E1	-3.159746E-2
3.011000E1	-3.313537E-2
3.011333E1	-3.471486E-2
3.011833E1	-3.669254E-2
3.012167E1	-3.819615E-2
3.012667E1	-4.145782E-2
3.013500E1	-4.280280E-2
3.013833E1	-4.466232E-2
3.014333E1	-4.607084E-2
3.014667E1	-4.775883E-2
3.015167E1	-4.934713E-2
3.015500E1	-5.103001E-2
3.016000E1	-5.268643E-2
3.016333E1	-5.429370E-2
3.016833E1	-5.590447E-2
3.017167E1	-5.754454E-2
3.017667E1	-5.922190E-2
3.018000E1	-6.063915E-2
3.018500E1	-6.702786E-2
3.020167E1	-6.824517E-2
3.020500E1	-6.983447E-2
3.021000E1	-7.157293E-2
3.021333E1	-7.496323E-2
3.022167E1	-7.638882E-2
3.022667E1	-7.808594E-2
3.023000E1	-7.942070E-2
3.023500E1	-8.101901E-2
3.023833E1	-8.260542E-2
3.024333E1	-8.399077E-2
3.024667E1	-8.586068E-2
3.025167E1	-8.734034E-2
3.025500E1	-8.885719E-2
3.026000E1	-9.042961E-2
3.026333E1	-9.237729E-2
3.026833E1	-9.380599E-2
3.027167E1	-9.531770E-2
3.027667E1	-9.663569E-2
3.028000E1	-9.838939E-2
3.028500E1	-9.940138E-2
3.028833E1	-1.012460E-1
3.029333E1	-1.025166E-1
3.029667E1	-1.042059E-1
3.030167E1	-1.054160E-1
3.030500E1	-1.083712E-1
3.031333E1	-1.113418E-1
3.032167E1	-1.142443E-1
3.033000E1	-1.156324E-1
3.033500E1	-1.172086E-1
3.033833E1	-1.181099E-1
3.034333E1	-1.195990E-1
3.034667E1	-1.211115E-1
3.035167E1	-1.223085E-1
3.035500E1	-1.240456E-1
3.036000E1	-1.254816E-1
3.036333E1	-1.266133E-1
3.036833E1	-1.281512E-1
3.037167E1	-1.390050E-1
3.037667E1	-1.409282E-1
3.038000E1	-1.435478E-1
3.038833E1	-1.469600E-1
3.039667E1	-1.485130E-1
3.040167E1	-1.497170E-1
3.040500E1	-1.512245E-1
3.041000E1	-1.527805E-1
3.041333E1	-1.532521E-1
3.041833E1	-1.547609E-1
3.042167E1	-1.566451E-1
3.042667E1	-1.450297E-1
3.043000E1	-1.593299E-1
3.043500E1	-1.607927E-1
3.043833E1	-1.564818E-1
3.044333E1	-1.591337E-1
3.045167E1	-1.608249E-1
3.046000E1	-1.620686E-1
3.046333E1	-1.635779E-1
3.046833E1	-1.647361E-1
3.047167E1	-1.659130E-1
3.047667E1	-1.670331E-1
3.048167E1	-1.682074E-1
3.048500E1	-1.701053E-1
3.049000E1	-1.715955E-1
3.049333E1	-1.724306E-1
3.049833E1	-1.739480E-1
3.050167E1	-1.759128E-1
3.051000E1	-1.785588E-1
3.051833E1	-1.805417E-1
3.052667E1	-1.820136E-1
3.053167E1	-1.843084E-1
3.054000E1	-1.858555E-1
3.054333E1	-1.870524E-1
3.054833E1	-1.884885E-1
3.055167E1	-1.893359E-1
3.055667E1	-1.904722E-1
3.056000E1	-1.916226E-1
3.056500E1	-1.924359E-1
3.056833E1	-1.935574E-1
3.057333E1	-1.947263E-1
3.057667E1	-1.958833E-1
3.058167E1	-1.970073E-1
3.058500E1	-1.978101E-1
3.059000E1	-1.989480E-1
3.059333E1	-2.000925E-1
3.059833E1	-2.012333E-1
3.060167E1	-2.023174E-1
3.060667E1	-2.033877E-1
3.061000E1	-2.045618E-1
3.061500E1	-2.055223E-1
3.061833E1	-2.063009E-1
3.062333E1	-2.073784E-1
3.062667E1	-2.043325E-1
3.064333E1	-2.177708E-1
3.064833E1	-2.185085E-1
3.065167E1	-2.058169E-1
3.066000E1	-2.080873E-1
3.066500E1	-2.089004E-1
3.066833E1	-2.096365E-1
3.067333E1	-2.104142E-1
3.067667E1	-2.110731E-1
3.068167E1	-2.119555E-1
3.068500E1	-2.126613E-1
3.069000E1	-2.134322E-1
3.069333E1	-2.158110E-1
3.070667E1	-2.165405E-1
3.071000E1	-2.173612E-1
3.071500E1	-2.180290E-1
3.071833E1	-2.193783E-1
3.072667E1	-2.200730E-1
3.073167E1	-2.206896E-1
3.073500E1	-2.215137E-1
3.074000E1	-2.220215E-1
3.074333E1	-2.228278E-1
3.074833E1	-2.233134E-1
3.075167E1	-2.238916E-1
3.075667E1	-2.245812E-1
3.076000E1	-2.250997E-1
3.076500E1	-2.254633E-1
3.076833E1	-2.266073E-1
3.077667E1	-2.273211E-1
3.078167E1	-2.280344E-1
3.078500E1	-2.285213E-1
3.079000E1	-2.289398E-1
3.079333E1	-2.295957E-1
3.079833E1	-2.301286E-1
3.080167E1	-2.304565E-1
3.080667E1	-2.309114E-1
3.081000E1	-2.313331E-1
3.081500E1	-2.318777E-1
3.081833E1	-2.477775E-1
3.083167E1	-2.361310E-1
3.084000E1	-2.362071E-1
3.084333E1	-2.364931E-1
3.084833E1	-2.372023E-1
3.085667E1	-2.376115E-1
3.086000E1	-2.378745E-1
3.086500E1	-2.381718E-1
3.086833E1	-2.384701E-1
3.087333E1	-2.387201E-1
3.087667E1	-2.389505E-1
3.088167E1	-2.392183E-1
3.088500E1	-2.396546E-1
3.089333E1	-2.396089E-1
3.089833E1	-2.396914E-1
3.090667E1	-2.399852E-1
3.091000E1	-2.400814E-1
3.091833E1	-2.404056E-1
3.092333E1	-2.403552E-1
3.092667E1	-2.404483E-1
3.093167E1	-2.404861E-1
3.093500E1	-2.404673E-1
3.094000E1	-2.404566E-1
3.094333E1	-2.404237E-1
3.094833E1	-2.403976E-1
3.095167E1	-2.407835E-1
3.096500E1	-2.406745E-1
3.096833E1	-2.404910E-1
3.097333E1	-2.404182E-1
3.097667E1	-2.403144E-1
3.098500E1	-2.403106E-1
3.099000E1	-2.400515E-1
3.099333E1	-2.400478E-1
3.099833E1	-2.400218E-1
3.100167E1	-2.397635E-1
3.100667E1	-2.396352E-1
3.101000E1	-2.393773E-1
3.101500E1	-2.392267E-1
3.101833E1	-2.446978E-1
3.102333E1	-2.446841E-1
3.102667E1	-2.446218E-1
3.103167E1	-2.443632E-1
3.103500E1	-2.442312E-1
3.104000E1	-2.434458E-1
3.104833E1	-2.434790E-1
3.105167E1	-2.431239E-1
3.105667E1	-2.427297E-1
3.106000E1	-2.423708E-1
3.106500E1	-2.419930E-1
3.106833E1	-2.416089E-1
3.107333E1	-2.412211E-1
3.107667E1	-2.400681E-1
3.109000E1	-2.393055E-1
3.109833E1	-2.385826E-1
3.110167E1	-2.380103E-1
3.110667E1	-2.376578E-1
3.111000E1	-2.370756E-1
3.111500E1	-2.365850E-1
3.111833E1	-2.361508E-1
3.112333E1	-2.357552E-1
3.112833E1	-2.354062E-1
3.113167E1	-2.347256E-1
3.113667E1	-2.340577E-1
3.114000E1	-2.334574E-1
3.114500E1	-2.316383E-1
3.115667E1	-2.309627E-1
3.116167E1	-2.303455E-1
3.116500E1	-2.299202E-1
3.117000E1	-2.293163E-1
3.117333E1	-2.285918E-1
3.117833E1	-2.278476E-1
3.118167E1	-2.270175E-1
3.118667E1	-2.265439E-1
3.119000E1	-2.258447E-1
3.119500E1	-2.250729E-1
3.119833E1	-2.243059E-1
3.120333E1	-2.234769E-1
3.120667E1	-2.227139E-1
3.121167E1	-2.216152E-1
3.122000E1	-2.193025E-1
3.122833E1	-2.185205E-1
3.123167E1	-2.177747E-1
3.123667E1	-2.169950E-1
3.124000E1	-2.158685E-1
3.124500E1	-2.150666E-1
3.124833E1	-2.143076E-1
3.125333E1	-2.134928E-1
3.125667E1	-2.124587E-1
3.126167E1	-2.115862E-1
3.126500E1	-2.105494E-1
3.127000E1	-2.096672E-1
3.127333E1	-2.077539E-1
3.128167E1	-2.070337E-1
3.128667E1	-2.058272E-1
3.129000E1	-2.047055E-1
3.129500E1	-2.036445E-1
3.129833E1	-2.024144E-1
3.130333E1	-2.015549E-1
3.130667E1	-2.004146E-1
3.131167E1	-1.993499E-1
3.131500E1	-1.981713E-1
3.132000E1	-1.970327E-1
3.132333E1	-1.961905E-1
3.132833E1	-1.950758E-1
3.133167E1	-1.927836E-1
3.134000E1	-1.916100E-1
3.134500E1	-1.893288E-1
3.135333E1	-1.882684E-1
3.135667E1	-1.869973E-1
3.136167E1	-1.859574E-1
3.136500E1	-1.847630E-1
3.137000E1	-1.832241E-1
3.137333E1	-1.819515E-1
3.137833E1	-1.808425E-1
3.138167E1	-1.797056E-1
3.138667E1	-1.784920E-1
3.139000E1	-1.774460E-1
3.139500E1	-1.760046E-1
3.139833E1	-1.732538E-1
3.140667E1	-1.704884E-1
3.141500E1	-1.692575E-1
3.142000E1	-1.679028E-1
3.142333E1	-1.666072E-1
3.142833E1	-1.654091E-1
3.143167E1	-1.639964E-1
3.143667E1	-1.626328E-1
3.144000E1	-1.614009E-1
3.144500E1	-1.601311E-1
3.144833E1	-1.587014E-1
3.145333E1	-1.571279E-1
3.145667E1	-1.557407E-1
3.146167E1	-1.531854E-1
3.147000E1	-1.517611E-1
3.147333E1	-1.488678E-1
3.148167E1	-1.475318E-1
3.148667E1	-1.459865E-1
3.149000E1	-1.445447E-1
3.149500E1	-1.429153E-1
3.149833E1	-1.416167E-1
3.150333E1	-1.400978E-1
3.150667E1	-1.388080E-1
3.151167E1	-1.371762E-1
3.151500E1	-1.358241E-1
3.152000E1	-1.344885E-1
3.152333E1	-1.329290E-1
3.152833E1	-1.282579E-1
3.154000E1	-1.266999E-1
3.154500E1	-1.251501E-1
3.154833E1	-1.236102E-1
3.155333E1	-1.221844E-1
3.155667E1	-1.202502E-1
3.156167E1	-1.187635E-1
3.156500E1	-1.173784E-1
3.157000E1	-1.158316E-1
3.157333E1	-1.141771E-1
3.157833E1	-1.128059E-1
3.158167E1	-1.112109E-1
3.158667E1	-1.098556E-1
3.159000E1	-1.082528E-1
3.159500E1	-1.052432E-1
3.160333E1	-1.017192E-1
3.161167E1	-1.002749E-1
3.161500E1	-9.851995E-2
3.162000E1	-9.723169E-2
3.162333E1	-9.539680E-2
3.162833E1	-9.405677E-2
3.163167E1	-9.233263E-2
3.163667E1	-9.092944E-2
3.164000E1	-8.937455E-2
3.164500E1	-8.777044E-2
3.164833E1	-8.631984E-2
3.165333E1	-8.321931E-2
3.166167E1	-8.008129E-2
3.167000E1	-7.843331E-2
3.167333E1	-7.680722E-2
3.167833E1	-7.349402E-2
3.168667E1	-7.207309E-2
3.169000E1	-7.039808E-2
3.169500E1	-6.886234E-2
3.169833E1	-6.701155E-2
3.170333E1	-6.560663E-2
3.170667E1	-6.385740E-2
3.171167E1	-6.215797E-2
3.171500E1	-6.048611E-2
3.172000E1	-5.577953E-2
3.173167E1	-5.415274E-2
3.173667E1	-5.250714E-2
3.174000E1	-5.101993E-2
3.174500E1	-4.797244E-2
3.175333E1	-4.634738E-2
3.175667E1	-4.486554E-2
3.176167E1	-4.337997E-2
3.176500E1	-4.187708E-2
3.177000E1	-4.030189E-2
3.177333E1	-3.870265E-2
3.177833E1	-3.710444E-2
3.178333E1	-3.571021E-2
3.178667E1	-3.402116E-2
3.179167E1	-3.268293E-2
3.179500E1	-3.086421E-2
3.180000E1	-2.957468E-2
3.180333E1	-2.767402E-2
3.180833E1	-2.615816E-2
3.181167E1	-2.450645E-2
3.181667E1	-2.289485E-2
3.182000E1	-2.125774E-2
3.182500E1	-1.983130E-2
3.182833E1	-1.834445E-2
3.183333E1	-1.673338E-2
3.183667E1	-1.521644E-2
3.184167E1	-1.196570E-2
3.185000E1	-7.120011E-3
3.186167E1	-5.399699E-3
3.186667E1	-3.822096E-3
3.187000E1	-1.883071E-3
3.187500E1	-4.904718E-4
3.187833E1	1.275636E-3
3.188333E1	2.590246E-3
3.188667E1	3.970425E-3
3.189167E1	-2.246327E-2
3.189500E1	-1.846980E-2
3.190000E1	-1.647306E-2
3.190333E1	-1.647306E-2
3.190833E1	-1.647306E-2
3.191167E1	-8.486124E-3
3.191667E1	-8.486124E-3
3.192500E1	-8.486124E-3
3.192833E1	-8.486124E-3
3.193333E1	-8.486124E-3
3.193667E1	7.040526E-3
3.194167E1	-4.886096E-3
3.194500E1	-4.114470E-3
3.195000E1	-2.577388E-3
3.195333E1	8.486124E-3
3.195833E1	8.486124E-3
3.196167E1	8.486124E-3
3.196667E1	8.486124E-3
3.197000E1	8.486124E-3
3.197500E1	8.486124E-3
3.198333E1	1.547470E-2
3.199167E1	1.547470E-2
3.200000E1	1.623050E-2
3.200333E1	1.889872E-2
3.200833E1	1.816374E-2
3.201167E1	1.997018E-2
3.201667E1	2.120932E-2
3.202000E1	2.272805E-2
3.202500E1	2.399333E-2
3.202833E1	2.536601E-2
3.203333E1	2.692862E-2
3.203667E1	2.886477E-2
3.204167E1	3.049179E-2
3.205000E1	3.424587E-2
3.205833E1	3.512849E-2
3.206167E1	3.629799E-2
3.206667E1	3.783903E-2
3.207000E1	3.891746E-2
3.207500E1	4.122439E-2
3.207833E1	4.271039E-2
3.208333E1	4.404004E-2
3.208667E1	4.700487E-2
3.209167E1	4.853205E-2
3.209500E1	4.961790E-2
3.210000E1	5.085631E-2
3.210333E1	5.271365E-2
3.210833E1	5.536520E-2
3.211667E1	5.694771E-2
3.212000E1	5.855859E-2
3.212500E1	5.978685E-2
3.212833E1	5.968534E-2
3.213333E1	6.116645E-2
3.213667E1	6.197226E-2
3.214167E1	6.549176E-2
3.214500E1	6.502550E-2
3.215000E1	6.738420E-2
3.215333E1	6.872311E-2
3.215833E1	6.957798E-2
3.216167E1	7.006956E-2
3.216667E1	7.656475E-2
3.218333E1	7.762126E-2
3.218667E1	7.850500E-2
3.219167E1	7.938611E-2
3.219500E1	8.034402E-2
3.220000E1	7.927999E-2
3.220333E1	8.088403E-2
3.220833E1	7.928008E-2
3.221167E1	8.379857E-2
3.221667E1	8.721183E-2
3.222000E1	8.618593E-2
3.222500E1	8.963035E-2
3.222833E1	9.074649E-2
3.223333E1	9.265142E-2
3.224167E1	9.426179E-2
3.224500E1	9.574054E-2
3.225000E1	9.541586E-2
3.225333E1	9.725159E-2
3.225833E1	9.893099E-2
3.226167E1	9.844181E-2
3.226667E1	9.851916E-2
3.227000E1	1.008331E-1
3.227500E1	1.014304E-1
3.227833E1	1.029497E-1
3.228333E1	1.045820E-1
3.228667E1	1.054376E-1
3.229167E1	1.069249E-1
3.230000E1	1.092108E-1
3.230833E1	1.103800E-1
3.231167E1	1.111567E-1
3.231667E1	1.119572E-1
3.232000E1	1.119493E-1
3.232500E1	1.149765E-1
3.232833E1	1.156524E-1
3.233333E1	1.165276E-1
3.233667E1	1.153910E-1
3.234167E1	1.184178E-1
3.234500E1	1.195883E-1
3.235000E1	1.204892E-1
3.235333E1	1.212266E-1
3.235833E1	1.220109E-1
3.236167E1	1.219471E-1
3.237000E1	1.246353E-1
3.237833E1	1.238400E-1
3.238333E1	1.269908E-1
3.238667E1	1.272820E-1
3.239167E1	1.284134E-1
3.239500E1	1.276587E-1
3.240000E1	1.292361E-1
3.240333E1	1.307095E-1
3.240833E1	1.276681E-1
3.241167E1	1.303397E-1
3.241667E1	1.307341E-1
3.242000E1	1.326589E-1
3.242500E1	1.327073E-1
3.243333E1	1.303545E-1
3.243833E1	1.302620E-1
3.244167E1	1.318285E-1
3.244667E1	1.341624E-1
3.245000E1	1.349128E-1
3.245500E1	1.326478E-1
3.245833E1	1.333512E-1
3.246333E1	1.341294E-1
3.246667E1	1.363879E-1
3.247167E1	1.363091E-1
3.247500E1	1.387686E-1
3.248000E1	1.372679E-1
3.248333E1	1.402179E-1
3.248833E1	1.393541E-1
3.250000E1	1.392194E-1
3.250500E1	1.395306E-1
3.250833E1	1.403511E-1
3.251333E1	1.411230E-1
3.252167E1	1.410818E-1
3.252500E1	1.418050E-1
3.253000E1	1.422036E-1
3.253333E1	1.422149E-1
3.253833E1	1.425906E-1
3.254167E1	1.426058E-1
3.254667E1	1.426658E-1
