mass_A
t	x
0.000	181.0
0.033	180.9
0.067	180.9
0.100	180.9
0.133	180.9
0.167	180.9
0.200	180.8
0.233	181.1
0.267	181.1
0.300	181.5
0.333	181.0
0.367	181.0
0.400	181.0
0.433	181.1
0.467	181.0
0.500	181.1
0.533	181.0
0.567	181.0
0.600	181.0
0.633	180.8
0.667	180.9
0.700	181.2
0.733	181.1
0.767	180.7
0.800	180.8
0.833	180.9
0.867	180.9
0.900	181.0
0.933	181.0
0.967	181.0
1.000	181.0
1.033	181.0
1.067	181.0
1.100	180.9
1.133	181.0
1.167	181.0
1.200	181.0
1.233	181.0
1.267	181.0
1.300	181.0
1.333	181.0
1.367	181.0
1.400	181.0
1.433	181.0
1.467	181.0
1.500	181.0
1.533	181.0
1.567	181.0
1.600	181.0
1.633	181.0
1.667	181.0
1.700	181.0
1.733	181.0
1.767	181.0
1.800	181.0
1.833	181.0
1.867	181.0
1.900	181.0
1.933	181.0
1.967	181.1
2.000	182.3
2.033	185.0
2.100	186.1
2.133	184.8
2.167	181.0
2.200	177.1
2.233	172.0
2.267	161.5
2.300	152.5
2.333	140.5
2.367	128.0
2.400	116.0
2.433	103.5
2.467	88.00
2.500	74.12
2.533	58.32
2.567	42.81
2.600	26.85
2.633	11.17
2.667	-4.372
2.700	-19.49
2.733	-34.07
2.767	-47.95
2.800	-61.03
2.833	-73.83
2.867	-85.05
2.900	-95.37
2.933	-104.0
2.967	-111.7
3.000	-117.9
3.033	-123.0
3.067	-126.2
3.100	-128.1
3.133	-128.6
3.167	-127.5
3.200	-124.9
3.233	-120.9
3.267	-115.3
3.300	-108.3
3.333	-99.90
3.367	-90.70
3.400	-80.15
3.433	-68.49
3.467	-55.59
3.500	-42.13
3.533	-28.04
3.567	-13.31
3.600	1.884
3.633	17.34
3.667	32.73
3.700	48.39
3.733	63.84
3.767	78.62
3.800	93.07
3.833	107.1
3.867	120.2
3.900	132.2
3.933	143.2
3.967	154.3
4.000	162.8
4.033	170.1
4.067	175.9
4.100	179.7
4.133	182.2
4.167	182.9
4.200	182.0
4.233	179.6
4.267	175.1
4.300	169.4
4.333	162.0
4.367	153.3
4.400	143.2
4.433	131.7
4.467	119.6
4.500	106.4
4.533	92.72
4.567	78.19
4.600	63.21
4.633	47.81
4.667	32.47
4.700	17.00
4.733	1.885
4.767	-13.00
4.800	-27.56
4.833	-41.69
4.867	-54.92
4.900	-67.35
4.933	-78.91
4.967	-89.22
5.000	-98.14
5.033	-106.1
5.067	-112.9
5.100	-118.3
5.133	-121.9
5.167	-124.4
5.200	-125.1
5.233	-124.4
5.267	-122.2
5.300	-118.9
5.333	-114.0
5.367	-107.9
5.400	-100.1
5.433	-91.27
5.467	-81.25
5.500	-70.16
5.533	-58.41
5.567	-45.38
5.600	-31.64
5.633	-17.47
5.667	-2.829
5.700	12.01
5.733	27.06
5.767	42.06
5.800	57.13
5.833	72.06
5.867	86.69
5.900	100.2
5.933	113.2
5.967	125.5
6.000	136.6
6.033	146.9
6.067	155.7
6.100	163.7
6.133	169.8
6.167	174.3
6.200	177.1
6.233	178.7
6.267	178.7
6.300	177.0
6.333	173.9
6.367	168.8
6.400	162.6
6.433	154.8
6.467	145.6
6.500	135.3
6.533	123.9
6.567	111.6
6.600	98.35
6.633	84.63
6.667	68.38
6.700	53.29
6.733	38.29
6.767	23.01
6.800	8.153
6.833	-6.859
6.867	-20.97
6.900	-34.95
6.933	-47.97
6.967	-60.49
7.000	-72.08
7.033	-82.59
7.067	-92.10
7.100	-100.3
7.133	-107.1
7.167	-113.0
7.200	-117.1
7.233	-120.1
7.267	-121.3
7.300	-121.2
7.333	-120.0
7.367	-117.0
7.400	-112.6
7.433	-107.2
7.467	-100.2
7.500	-91.99
7.533	-82.48
7.567	-72.11
7.600	-60.78
7.633	-48.44
7.667	-35.33
7.700	-21.66
7.733	-7.550
7.767	6.847
7.800	21.71
7.833	36.49
7.867	51.10
7.900	65.72
7.933	79.91
7.967	93.91
8.000	106.7
8.033	119.0
8.067	130.5
8.100	141.0
8.133	150.1
8.167	157.9
8.200	164.2
8.233	169.2
8.267	173.0
8.300	174.9
8.333	175.3
8.367	174.2
8.400	171.7
8.433	167.4
8.467	161.7
8.500	154.7
8.533	146.2
8.567	136.3
8.600	125.7
8.633	114.0
8.667	101.3
8.700	88.03
8.733	73.99
8.767	59.65
8.800	45.09
8.833	30.59
8.867	15.77
8.900	1.170
8.933	-13.01
8.967	-26.80
9.000	-40.10
9.033	-52.51
9.067	-64.09
9.100	-74.95
9.133	-84.97
9.167	-93.51
9.200	-100.9
9.233	-107.1
9.267	-112.0
9.300	-115.6
9.333	-117.9
9.367	-118.4
9.400	-117.8
9.433	-115.2
9.467	-111.6
9.500	-106.7
9.533	-100.1
9.567	-92.61
9.600	-84.03
9.633	-74.10
9.667	-63.21
9.700	-51.52
9.733	-38.92
9.767	-25.96
9.800	-12.16
9.833	1.951
9.867	16.12
9.900	30.36
9.933	44.88
9.967	59.07
10.000	73.00
10.033	86.54
10.067	99.91
10.100	112.1
10.133	123.3
10.167	133.9
10.200	143.2
10.233	151.4
10.267	158.3
10.300	163.9
10.333	167.9
10.367	170.5
10.400	171.5
10.433	170.9
10.467	168.9
10.500	165.3
10.533	160.1
10.567	153.7
10.600	146.0
10.633	137.0
10.667	126.9
10.700	115.8
10.733	103.8
10.767	91.07
10.800	77.90
10.833	63.93
10.867	49.78
10.900	35.45
10.933	20.89
10.967	6.707
11.000	-7.197
11.033	-20.79
11.067	-34.08
11.100	-46.65
11.133	-58.39
11.167	-69.19
11.200	-79.12
11.233	-87.95
11.267	-95.77
11.300	-102.2
11.333	-107.6
11.367	-111.5
11.400	-114.2
11.433	-115.4
11.467	-115.1
11.500	-113.6
11.533	-110.8
11.567	-106.5
11.600	-100.8
11.633	-93.92
11.667	-86.04
11.700	-76.94
11.733	-66.96
11.767	-56.00
11.800	-43.91
11.833	-31.33
11.867	-18.10
11.900	-4.570
11.933	9.048
11.967	23.12
12.000	37.21
12.033	51.20
12.067	66.80
12.100	80.27
12.133	93.09
12.167	105.3
12.200	116.9
12.233	127.6
12.267	137.0
12.300	145.6
12.333	153.0
12.367	158.9
12.400	163.3
12.433	166.2
12.467	167.8
12.500	168.0
12.533	166.6
12.567	163.9
12.600	159.3
12.633	153.6
12.667	146.4
12.700	138.0
12.733	128.6
12.767	117.9
12.800	106.7
12.833	94.38
12.867	81.24
12.900	68.03
12.933	54.18
12.967	40.19
13.000	25.98
13.033	11.94
13.067	-1.941
13.100	-15.30
13.133	-28.31
13.167	-40.88
13.200	-52.62
13.233	-63.76
13.267	-73.69
13.300	-82.92
13.333	-90.91
13.367	-97.73
13.400	-103.2
13.433	-107.5
13.467	-110.3
13.500	-112.1
13.533	-112.2
13.567	-111.2
13.600	-108.8
13.633	-105.0
13.667	-100.0
13.700	-93.91
13.733	-86.68
13.767	-78.10
13.800	-68.32
13.833	-57.91
13.867	-46.81
13.900	-34.65
13.933	-22.11
13.967	-9.066
14.000	4.544
14.033	18.25
14.067	32.11
14.100	45.81
14.133	59.69
14.167	72.96
14.200	85.96
14.233	98.11
14.267	109.8
14.300	120.7
14.333	130.6
14.367	139.4
14.400	146.9
14.433	153.1
14.467	158.0
14.500	162.0
14.533	164.1
14.567	165.0
14.600	164.1
14.633	162.0
14.667	158.3
14.700	153.3
14.733	147.0
14.767	138.7
14.800	129.8
14.833	119.9
14.867	108.9
14.900	97.35
14.933	85.05
14.967	72.01
15.000	58.47
15.033	44.86
15.067	30.99
15.100	17.25
15.133	3.688
15.167	-9.689
15.200	-22.78
15.233	-35.06
15.267	-46.91
15.300	-57.93
15.333	-68.09
15.367	-77.27
15.400	-85.42
15.433	-92.47
15.467	-98.05
15.500	-102.8
15.533	-106.1
15.567	-108.2
15.600	-109.0
15.633	-108.5
15.667	-106.4
15.700	-103.2
15.733	-98.82
15.767	-93.26
15.800	-86.20
15.833	-78.45
15.867	-69.35
15.900	-59.25
15.933	-48.65
15.967	-37.06
16.000	-25.08
16.033	-12.22
16.067	0.814
16.100	14.17
16.133	27.41
16.167	40.94
16.200	54.14
16.233	67.36
16.267	80.01
16.300	92.23
16.333	104.0
16.367	114.6
16.400	124.8
16.433	133.8
16.467	141.7
16.500	148.5
16.533	153.9
16.567	157.8
16.600	160.6
16.633	161.9
16.667	161.9
16.700	160.0
16.733	157.0
16.767	152.8
16.800	147.0
16.833	140.1
16.867	132.0
16.900	122.7
16.933	112.8
16.967	101.8
17.000	89.81
17.033	77.54
17.067	64.78
17.100	51.59
17.133	38.28
17.167	24.81
17.200	11.15
17.233	-2.141
17.267	-14.99
17.300	-27.28
17.333	-39.12
17.367	-50.27
17.400	-60.85
17.433	-70.13
17.467	-79.86
17.500	-87.21
17.533	-93.43
17.567	-98.09
17.600	-102.0
17.633	-104.6
17.667	-105.9
17.700	-106.0
17.733	-104.8
17.767	-102.1
17.800	-98.07
17.833	-92.97
17.867	-86.80
17.900	-79.23
17.933	-71.02
17.967	-61.57
18.000	-51.40
18.033	-40.27
18.067	-28.60
18.100	-16.33
18.133	-3.795
18.167	9.174
18.200	22.26
18.233	35.51
18.267	48.86
18.300	61.79
18.333	74.39
18.367	86.62
18.400	121.5
18.433	157.5
18.467	110.5
18.500	10.50
18.533	-78.50
18.567	-103.0
18.600	-54.50
18.633	45.23
18.667	130.0
18.700	152.0
