	mass_A
t	x
2.069833E1	7.635944E-4
2.070167E1	1.627718E-3
2.070667E1	1.195656E-3
2.071000E1	1.195656E-3
2.072667E1	5.475635E-4
2.073167E1	8.436059E-4
2.073500E1	1.013170E-3
2.074000E1	1.248286E-3
2.074833E1	9.090056E-4
2.075167E1	9.124068E-4
2.075667E1	1.381653E-3
2.076000E1	1.811699E-3
2.076500E1	2.084091E-3
2.076833E1	1.934367E-3
2.077333E1	2.269311E-3
2.077667E1	2.683817E-3
2.078500E1	3.025728E-3
2.079000E1	3.167313E-3
2.079333E1	3.361965E-3
2.079833E1	4.218660E-3
2.080667E1	4.452451E-3
2.081000E1	4.907243E-3
2.081500E1	4.883991E-3
2.081833E1	5.340779E-3
2.082333E1	5.705382E-3
2.082667E1	6.270315E-3
2.083167E1	6.649674E-3
2.083500E1	7.224391E-3
2.084000E1	7.709305E-3
2.084333E1	7.946477E-3
2.084833E1	9.206924E-3
2.085667E1	9.734177E-3
2.086000E1	1.036292E-2
2.086500E1	1.080058E-2
2.086833E1	1.099098E-2
2.087333E1	1.173340E-2
2.087667E1	1.228649E-2
2.088167E1	1.300325E-2
2.088500E1	1.340880E-2
2.089000E1	1.411546E-2
2.089333E1	1.451173E-2
2.089833E1	1.528492E-2
2.090167E1	1.661929E-2
2.091000E1	1.726774E-2
2.091500E1	1.808095E-2
2.091833E1	1.938777E-2
2.092667E1	2.013203E-2
2.093167E1	2.062972E-2
2.093500E1	2.146970E-2
2.094000E1	2.231518E-2
2.094333E1	2.316193E-2
2.094833E1	2.391808E-2
2.095167E1	2.485641E-2
2.095667E1	2.582298E-2
2.096000E1	2.656468E-2
2.096500E1	2.733994E-2
2.096833E1	2.920599E-2
2.097667E1	2.994677E-2
2.098167E1	3.074313E-2
2.098500E1	3.272508E-2
2.099333E1	3.360858E-2
2.099833E1	3.453857E-2
2.100167E1	3.527269E-2
2.100667E1	3.628476E-2
2.101000E1	3.722184E-2
2.101500E1	3.834788E-2
2.101833E1	3.710739E-2
2.102333E1	3.787589E-2
2.102667E1	3.866818E-2
2.103167E1	3.942159E-2
2.103500E1	4.172290E-2
2.104333E1	4.283662E-2
2.104833E1	4.403101E-2
2.105167E1	4.481533E-2
2.105667E1	4.595901E-2
2.106000E1	4.712060E-2
2.106500E1	4.821039E-2
2.106833E1	4.938933E-2
2.107333E1	5.054466E-2
2.107667E1	5.140529E-2
2.108167E1	5.289542E-2
2.108500E1	5.366524E-2
2.109000E1	5.486570E-2
2.109333E1	5.744068E-2
2.110167E1	5.981352E-2
2.111000E1	6.100576E-2
2.111500E1	6.218912E-2
2.111833E1	6.334166E-2
2.112333E1	6.475891E-2
2.112667E1	6.597334E-2
2.113167E1	6.719084E-2
2.113500E1	6.866867E-2
2.114000E1	6.979866E-2
2.114333E1	7.134299E-2
2.114833E1	7.247939E-2
2.115167E1	7.401280E-2
2.115667E1	7.521821E-2
2.116000E1	7.942397E-2
2.117333E1	8.060294E-2
2.117667E1	8.216260E-2
2.118167E1	8.365441E-2
2.118500E1	8.485381E-2
2.119000E1	8.635287E-2
2.119333E1	8.789085E-2
2.119833E1	8.907489E-2
2.120167E1	9.059968E-2
2.120667E1	9.213641E-2
2.121000E1	9.333644E-2
2.121500E1	9.485624E-2
2.121833E1	9.638415E-2
2.122333E1	1.010061E-1
2.123500E1	1.021587E-1
2.124000E1	1.037159E-1
2.124333E1	1.052477E-1
2.124833E1	1.082961E-1
2.125667E1	1.098419E-1
2.126000E1	1.117435E-1
2.126500E1	1.148850E-1
2.126833E1	1.172855E-1
2.127333E1	1.179714E-1
2.127667E1	1.190002E-1
2.128167E1	1.207149E-1
2.128500E1	1.234585E-1
2.129000E1	1.265449E-1
2.129333E1	1.279167E-1
2.129833E1	1.299743E-1
2.130667E1	1.313461E-1
2.131000E1	1.327178E-1
2.131500E1	1.334037E-1
2.131833E1	1.354614E-1
2.132333E1	1.368331E-1
2.132667E1	1.385478E-1
2.133167E1	1.399196E-1
2.133500E1	1.416343E-1
2.134000E1	1.433490E-1
2.134333E1	1.457496E-1
2.134833E1	1.481502E-1
2.136167E1	1.515796E-1
2.136500E1	1.546660E-1
2.137000E1	1.563807E-1
2.137333E1	1.574095E-1
2.137833E1	1.583622E-1
2.138167E1	1.600940E-1
2.138667E1	1.618258E-1
2.139000E1	1.631728E-1
2.139500E1	1.645198E-1
2.139833E1	1.656744E-1
2.140333E1	1.670214E-1
2.140667E1	1.681760E-1
2.141167E1	1.729582E-1
2.142333E1	1.741404E-1
2.143667E1	1.824156E-1
2.144000E1	1.872736E-1
2.144500E1	1.895426E-1
2.144833E1	1.914260E-1
2.145333E1	1.929937E-1
2.145667E1	1.948784E-1
2.146167E1	1.964555E-1
2.146500E1	1.983385E-1
2.147000E1	1.998627E-1
2.147333E1	2.014730E-1
2.147833E1	2.064602E-1
2.150333E1	2.079790E-1
2.151500E1	2.112797E-1
2.152000E1	2.129754E-1
2.152333E1	2.148340E-1
2.152833E1	2.164347E-1
2.153167E1	2.183085E-1
2.153667E1	2.199249E-1
2.154000E1	2.214908E-1
2.154500E1	2.264953E-1
2.155667E1	2.280646E-1
2.156167E1	2.280422E-1
2.156500E1	2.311106E-1
2.157833E1	2.362143E-1
2.158167E1	2.379357E-1
2.158667E1	2.395891E-1
2.159000E1	2.411005E-1
2.159500E1	2.426655E-1
2.159833E1	2.442671E-1
2.160333E1	2.460174E-1
2.160667E1	2.476205E-1
2.161167E1	2.491930E-1
2.161500E1	2.523479E-1
2.162333E1	2.540899E-1
2.162833E1	2.557177E-1
2.163167E1	2.572720E-1
2.163667E1	2.588183E-1
2.164000E1	2.603676E-1
2.164500E1	2.619255E-1
2.164833E1	2.634881E-1
2.165333E1	2.652790E-1
2.165667E1	2.668337E-1
2.166167E1	2.683533E-1
2.166500E1	2.699710E-1
2.167000E1	2.749076E-1
2.168167E1	2.761533E-1
2.168667E1	2.776858E-1
2.169000E1	2.792075E-1
2.169500E1	2.810697E-1
2.169833E1	2.823254E-1
2.170333E1	2.838338E-1
2.170667E1	2.857016E-1
2.171167E1	2.872171E-1
2.171500E1	2.884570E-1
2.172000E1	2.900005E-1
2.172333E1	2.915347E-1
2.172833E1	2.930925E-1
2.173167E1	2.961063E-1
2.174000E1	2.976430E-1
2.174500E1	3.006781E-1
2.175333E1	3.032601E-1
2.175667E1	3.034817E-1
2.176167E1	3.053768E-1
2.176500E1	3.064831E-1
2.177000E1	3.080199E-1
2.177333E1	3.095559E-1
2.177833E1	3.126890E-1
2.178167E1	3.132663E-1
2.178667E1	3.136512E-1
2.179000E1	3.165376E-1
2.179500E1	3.182694E-1
2.180333E1	3.205786E-1
2.181167E1	3.238498E-1
2.181500E1	3.263514E-1
2.182000E1	3.265438E-1
2.182333E1	3.261356E-1
2.182833E1	3.284885E-1
2.183167E1	3.298495E-1
2.183667E1	3.312105E-1
2.184000E1	3.331158E-1
2.184500E1	3.347490E-1
2.184833E1	3.361100E-1
2.185333E1	3.374710E-1
2.185667E1	3.382876E-1
2.186167E1	3.399207E-1
2.187000E1	3.420983E-1
2.187333E1	3.445481E-1
2.188167E1	3.467257E-1
2.188667E1	3.486310E-1
2.189000E1	3.516252E-1
2.189833E1	3.492374E-1
2.190333E1	3.503868E-1
2.190667E1	3.515246E-1
2.191167E1	3.526868E-1
2.191500E1	3.542054E-1
2.192000E1	3.550242E-1
2.192333E1	3.561568E-1
2.192833E1	3.611385E-1
2.194500E1	3.623150E-1
2.194833E1	3.630765E-1
2.195333E1	3.642098E-1
2.195667E1	3.653711E-1
2.196167E1	3.665163E-1
2.196500E1	3.676779E-1
2.197000E1	3.685474E-1
2.197333E1	3.696742E-1
2.197833E1	3.708091E-1
2.198167E1	3.715876E-1
2.198667E1	3.727173E-1
2.199000E1	3.738744E-1
2.199500E1	3.746487E-1
2.199833E1	3.769680E-1
2.200833E1	3.780557E-1
2.201167E1	3.788392E-1
2.201667E1	3.799984E-1
2.202000E1	3.811223E-1
2.202500E1	3.819044E-1
2.202833E1	3.827024E-1
2.203333E1	3.835274E-1
2.203667E1	3.846549E-1
2.204167E1	3.854401E-1
2.204500E1	3.865187E-1
2.205000E1	3.873495E-1
2.205333E1	3.892765E-1
2.206167E1	3.900313E-1
2.206667E1	3.915693E-1
2.207500E1	3.927178E-1
2.207833E1	3.935006E-1
2.208333E1	3.942706E-1
2.208667E1	3.950526E-1
2.209167E1	3.961524E-1
2.209500E1	3.969343E-1
2.210000E1	3.977451E-1
2.210333E1	3.984908E-1
2.210833E1	3.992479E-1
2.211167E1	4.000522E-1
2.211667E1	4.008614E-1
2.212000E1	4.023424E-1
2.212833E1	4.027562E-1
2.213333E1	4.034973E-1
2.213667E1	4.045832E-1
2.214167E1	4.050758E-1
2.214500E1	4.057992E-1
2.215000E1	4.062329E-1
2.215333E1	4.069959E-1
2.215833E1	4.077058E-1
2.216167E1	4.084585E-1
2.216667E1	4.088848E-1
2.217000E1	4.096635E-1
2.217500E1	4.103895E-1
2.217833E1	4.108374E-1
2.218333E1	4.119695E-1
2.219167E1	4.126778E-1
2.219500E1	4.138275E-1
2.220333E1	4.142676E-1
2.220833E1	4.146478E-1
2.221167E1	4.150713E-1
2.221667E1	4.154471E-1
2.222000E1	4.161500E-1
2.222500E1	4.165577E-1
2.222833E1	4.169564E-1
2.223333E1	4.173953E-1
2.223667E1	4.180921E-1
2.224167E1	4.184888E-1
2.224500E1	4.189109E-1
2.225000E1	4.196602E-1
2.225833E1	4.200343E-1
2.226167E1	4.203926E-1
2.226667E1	4.204477E-1
2.227000E1	4.208408E-1
2.227500E1	4.212100E-1
2.227833E1	4.215918E-1
2.228333E1	4.219450E-1
2.228667E1	4.223036E-1
2.229167E1	4.226788E-1
2.229500E1	4.230611E-1
2.230000E1	4.231027E-1
2.230333E1	4.234590E-1
2.230833E1	4.238402E-1
2.231667E1	4.242361E-1
2.232500E1	4.246261E-1
2.232833E1	4.246764E-1
2.233333E1	4.250106E-1
2.233667E1	4.250384E-1
2.234167E1	4.253591E-1
2.234500E1	4.254017E-1
2.235000E1	4.254632E-1
2.235333E1	4.257900E-1
2.235833E1	4.258138E-1
2.236167E1	4.258540E-1
2.236667E1	4.258767E-1
2.237000E1	4.259037E-1
2.237500E1	4.261687E-1
2.238667E1	4.262126E-1
2.239167E1	4.262072E-1
2.239500E1	4.261691E-1
2.240000E1	4.261849E-1
2.240333E1	4.261847E-1
2.240833E1	4.261871E-1
2.241167E1	4.261893E-1
2.241667E1	4.261913E-1
2.242000E1	4.261553E-1
2.242500E1	4.261286E-1
2.242833E1	4.260848E-1
2.243333E1	4.260577E-1
2.243667E1	4.259438E-1
2.244167E1	4.256556E-1
2.245000E1	4.255459E-1
2.245333E1	4.252883E-1
2.245833E1	4.252620E-1
2.246167E1	4.250018E-1
2.246667E1	4.249537E-1
2.247000E1	4.247536E-1
2.247500E1	4.244003E-1
2.247833E1	4.241169E-1
2.248333E1	4.239979E-1
2.248667E1	4.237230E-1
2.249167E1	4.234972E-1
2.249500E1	4.231745E-1
2.250000E1	4.224663E-1
2.250833E1	4.222100E-1
2.251167E1	4.216209E-1
2.252000E1	4.213208E-1
2.252500E1	4.209183E-1
2.252833E1	4.205606E-1
2.253333E1	4.201389E-1
2.253667E1	4.198376E-1
2.254167E1	4.193400E-1
2.254500E1	4.188831E-1
2.255000E1	4.183984E-1
2.255333E1	4.179707E-1
2.255833E1	4.176726E-1
2.256167E1	4.167366E-1
2.257000E1	4.156173E-1
2.257833E1	4.151805E-1
2.258333E1	4.145713E-1
2.258667E1	4.140711E-1
2.259167E1	4.135333E-1
2.259500E1	4.131244E-1
2.260000E1	4.124755E-1
2.260333E1	4.119795E-1
2.260833E1	4.113709E-1
2.261167E1	4.106660E-1
2.261667E1	4.101618E-1
2.262000E1	4.095107E-1
2.262500E1	4.089612E-1
2.262833E1	4.069219E-1
2.264167E1	4.063297E-1
2.264500E1	4.054072E-1
2.265000E1	4.049395E-1
2.265500E1	4.034788E-1
2.266333E1	4.027275E-1
2.266667E1	4.019007E-1
2.267167E1	4.012519E-1
2.267500E1	4.005240E-1
2.268000E1	3.996992E-1
2.268333E1	3.989887E-1
2.268833E1	3.980464E-1
2.269167E1	3.972161E-1
2.269667E1	3.946576E-1
2.270833E1	3.938964E-1
2.271333E1	3.931510E-1
2.271667E1	3.922826E-1
2.272167E1	3.904203E-1
2.273000E1	3.896361E-1
2.273333E1	3.885537E-1
2.273833E1	3.876774E-1
2.274167E1	3.868171E-1
2.274667E1	3.857911E-1
2.275000E1	3.848981E-1
2.275500E1	3.839341E-1
2.275833E1	3.830545E-1
2.276333E1	3.822482E-1
2.276667E1	3.811114E-1
2.277167E1	3.792072E-1
2.278000E1	3.780800E-1
2.278333E1	3.772753E-1
2.278833E1	3.761607E-1
2.279167E1	3.750695E-1
2.279667E1	3.741930E-1
2.280000E1	3.731144E-1
2.280500E1	3.720062E-1
2.280833E1	3.708570E-1
2.281333E1	3.697566E-1
2.281667E1	3.688127E-1
2.282167E1	3.665444E-1
2.283000E1	3.645695E-1
2.283833E1	3.631232E-1
2.284167E1	3.622511E-1
2.284667E1	3.608747E-1
2.285000E1	3.597498E-1
2.285500E1	3.587716E-1
2.285833E1	3.573928E-1
2.286333E1	3.562853E-1
2.286667E1	3.551309E-1
2.287167E1	3.539312E-1
2.287500E1	3.527100E-1
2.288000E1	3.515135E-1
2.288333E1	3.492166E-1
2.289167E1	3.480168E-1
2.289667E1	3.454107E-1
2.290500E1	3.442303E-1
2.290833E1	3.430899E-1
2.291333E1	3.418529E-1
2.291667E1	3.405121E-1
2.292167E1	3.392171E-1
2.292500E1	3.379947E-1
2.293000E1	3.366087E-1
2.293333E1	3.354034E-1
2.293833E1	3.341772E-1
2.294167E1	3.327572E-1
2.294667E1	3.300852E-1
2.295500E1	3.288533E-1
2.295833E1	3.262127E-1
2.296667E1	3.249292E-1
2.297167E1	3.235793E-1
2.297500E1	3.222256E-1
2.298000E1	3.208123E-1
2.298333E1	3.193620E-1
2.298833E1	3.179847E-1
2.299167E1	3.165852E-1
2.299667E1	3.153511E-1
2.300000E1	3.138569E-1
2.300500E1	3.124624E-1
2.300833E1	3.110750E-1
2.301333E1	3.053121E-1
2.303000E1	3.037790E-1
2.303333E1	3.024264E-1
2.303833E1	3.007573E-1
2.304167E1	2.979801E-1
2.305000E1	2.965349E-1
2.305500E1	2.951079E-1
2.305833E1	2.934655E-1
2.306333E1	2.919314E-1
2.306667E1	2.906613E-1
2.307167E1	2.891246E-1
2.307500E1	2.876263E-1
2.308000E1	2.860997E-1
2.308333E1	2.845576E-1
2.308833E1	2.815094E-1
2.309667E1	2.799869E-1
2.310000E1	2.783753E-1
2.310500E1	2.768936E-1
2.310833E1	2.753424E-1
2.311333E1	2.738590E-1
2.311667E1	2.722903E-1
2.312167E1	2.707986E-1
2.312500E1	2.692009E-1
2.313000E1	2.676511E-1
2.313333E1	2.661346E-1
2.313833E1	2.614236E-1
2.315000E1	2.583925E-1
2.315833E1	2.565445E-1
2.316333E1	2.549890E-1
2.316667E1	2.518647E-1
2.317500E1	2.503037E-1
2.318000E1	2.487276E-1
2.318333E1	2.471905E-1
2.318833E1	2.453897E-1
2.319167E1	2.437842E-1
2.319667E1	2.422373E-1
2.320000E1	2.406570E-1
2.320500E1	2.391143E-1
2.320833E1	2.372738E-1
2.321333E1	2.356905E-1
2.321667E1	2.323074E-1
2.322500E1	2.307183E-1
2.323000E1	2.291637E-1
2.323333E1	2.275554E-1
2.323833E1	2.257862E-1
2.324167E1	2.241525E-1
2.324667E1	2.225662E-1
2.325000E1	2.207484E-1
2.325500E1	2.191782E-1
2.325833E1	2.175981E-1
2.326333E1	2.160120E-1
2.326667E1	2.141867E-1
2.327167E1	2.110068E-1
2.328000E1	2.094802E-1
2.328333E1	2.076540E-1
2.328833E1	2.044535E-1
2.329667E1	2.026821E-1
2.330167E1	2.010622E-1
2.330500E1	1.994785E-1
2.331000E1	1.976445E-1
2.331333E1	1.960635E-1
2.331833E1	1.944502E-1
2.332167E1	1.926229E-1
2.332667E1	1.910338E-1
2.333000E1	1.894491E-1
2.333500E1	1.876355E-1
2.333833E1	1.860371E-1
2.334333E1	1.844968E-1
2.334667E1	1.810741E-1
2.335500E1	1.794700E-1
2.336000E1	1.776387E-1
2.336333E1	1.760210E-1
2.336833E1	1.741861E-1
2.337167E1	1.726432E-1
2.337667E1	1.710149E-1
2.338000E1	1.691665E-1
2.338500E1	1.675461E-1
2.338833E1	1.659846E-1
2.339333E1	1.641951E-1
2.339667E1	1.625856E-1
2.340167E1	1.591293E-1
2.341000E1	1.575557E-1
2.341333E1	1.559758E-1
2.341833E1	1.541912E-1
2.342167E1	1.525899E-1
2.342667E1	1.509982E-1
2.343000E1	1.494390E-1
2.343500E1	1.476348E-1
2.343833E1	1.460394E-1
2.344333E1	1.444215E-1
2.344667E1	1.426471E-1
2.345167E1	1.410891E-1
2.345500E1	1.394802E-1
2.346000E1	1.360686E-1
2.346833E1	1.345107E-1
2.347167E1	1.313008E-1
2.348000E1	1.298066E-1
2.348500E1	1.282506E-1
2.348833E1	1.264133E-1
2.349333E1	1.249023E-1
2.349667E1	1.232901E-1
2.350167E1	1.217445E-1
2.350500E1	1.201571E-1
2.351000E1	1.186377E-1
2.351333E1	1.171095E-1
2.351833E1	1.155437E-1
2.352167E1	1.141008E-1
2.352667E1	1.106769E-1
2.353500E1	1.075628E-1
2.354333E1	1.060423E-1
2.354667E1	1.044787E-1
2.355167E1	1.029343E-1
2.355500E1	1.014305E-1
2.356000E1	9.986316E-2
2.356333E1	9.830979E-2
2.356833E1	9.678204E-2
2.357167E1	9.528618E-2
2.357667E1	9.372340E-2
2.358000E1	9.220737E-2
2.358500E1	9.063591E-2
2.358833E1	8.912190E-2
2.359333E1	8.477699E-2
2.360500E1	8.331685E-2
2.361000E1	8.182097E-2
2.361333E1	8.053970E-2
2.361833E1	7.907656E-2
2.362167E1	7.757564E-2
2.362667E1	7.631240E-2
2.363000E1	7.479484E-2
2.363500E1	7.364497E-2
2.363833E1	7.214539E-2
2.364333E1	7.062770E-2
2.364667E1	6.940612E-2
2.365167E1	6.796254E-2
2.365500E1	6.371910E-2
2.366833E1	6.257088E-2
2.367167E1	6.104203E-2
2.367667E1	5.983603E-2
2.368000E1	5.715057E-2
2.368833E1	5.598659E-2
2.369333E1	5.450126E-2
2.369667E1	5.328029E-2
2.370167E1	5.209110E-2
2.370500E1	5.091492E-2
2.371000E1	4.976260E-2
2.371333E1	4.831886E-2
2.371833E1	4.713377E-2
2.372167E1	4.598072E-2
2.372667E1	4.447818E-2
2.373000E1	4.220086E-2
2.373833E1	4.099058E-2
2.374333E1	3.979389E-2
2.374667E1	3.864195E-2
2.375167E1	3.752334E-2
2.375500E1	3.633493E-2
2.376000E1	3.526972E-2
2.376333E1	3.406070E-2
2.376833E1	3.292343E-2
2.377167E1	3.176164E-2
2.377667E1	3.060942E-2
2.378000E1	2.863578E-2
2.378833E1	2.636799E-2
2.379667E1	2.553061E-2
2.380167E1	2.447910E-2
2.380500E1	2.362574E-2
2.381000E1	2.254202E-2
2.381333E1	2.169484E-2
2.381833E1	2.059846E-2
2.382167E1	1.976023E-2
2.382667E1	1.896541E-2
2.383000E1	1.786457E-2
2.383500E1	1.709544E-2
2.383833E1	1.630103E-2
2.384333E1	1.519658E-2
2.384667E1	2.092418E-2
2.385500E1	1.901784E-2
2.386333E1	1.165222E-2
2.386833E1	1.056343E-2
2.387167E1	9.746845E-3
2.387667E1	8.658060E-3
2.388000E1	8.385864E-3
2.388500E1	7.297080E-3
2.388833E1	6.480491E-3
2.389333E1	6.208295E-3
2.389667E1	5.391707E-3
2.390167E1	4.575118E-3
2.390500E1	4.030726E-3
2.391000E1	3.214138E-3
2.391333E1	2.669745E-3
2.392167E1	1.580961E-3
2.392667E1	4.921764E-4
2.393000E1	-5.221584E-5
2.393500E1	-5.966081E-4
2.393833E1	-5.966081E-4
2.394333E1	4.399148E-3
2.394667E1	-1.957589E-3
2.395167E1	3.627139E-3
2.395667E1	-2.774177E-3
2.396000E1	-3.590766E-3
2.396500E1	-4.135158E-3
2.396833E1	1.321986E-3
2.397333E1	-5.223942E-3
2.398167E1	-6.857119E-3
2.399000E1	-7.129315E-3
2.399333E1	-7.129315E-3
2.399833E1	-7.401511E-3
2.400167E1	-7.673707E-3
2.400667E1	-8.218100E-3
2.401000E1	-8.218100E-3
2.401500E1	-8.490296E-3
2.401833E1	-8.490296E-3
2.402333E1	-8.490296E-3
2.402667E1	-8.490296E-3
2.403167E1	-9.034688E-3
2.403500E1	-9.851276E-3
2.404000E1	-9.851276E-3
2.404833E1	-6.766213E-3
2.405667E1	-1.039567E-2
2.406000E1	-1.094006E-2
2.406500E1	-9.073337E-3
2.406833E1	-8.688028E-3
2.407333E1	-8.687628E-3
2.407667E1	-1.148445E-2
2.408167E1	-1.148445E-2
2.408500E1	-1.175665E-2
2.409000E1	-1.175665E-2
2.409333E1	-1.175665E-2
2.409833E1	-1.202885E-2
2.410167E1	-9.458513E-3
2.410667E1	-1.202885E-2
2.411500E1	-9.074061E-3
2.411833E1	-1.202885E-2
2.412333E1	-6.040531E-3
2.412667E1	-7.584676E-3
2.413167E1	-7.585418E-3
2.413500E1	-9.504571E-3
2.414000E1	-9.882249E-3
2.414333E1	-9.886839E-3
2.414833E1	-7.209031E-3
2.415167E1	-6.815816E-3
2.415667E1	-6.432701E-3
2.416000E1	-6.415027E-3
2.416500E1	-7.573068E-3
2.417333E1	-6.047846E-3
2.418167E1	-6.024373E-3
2.418500E1	-6.048431E-3
2.419000E1	-7.192344E-3
2.419333E1	-6.809645E-3
2.419833E1	-6.428767E-3
2.420167E1	-4.123934E-3
2.420667E1	-3.758244E-3
2.421000E1	-7.575837E-3
2.421500E1	-8.854868E-3
2.421833E1	-8.838331E-3
2.422333E1	-3.345321E-3
2.422667E1	-2.966360E-3
2.423500E1	-1.418361E-3
2.424000E1	-3.345908E-3
2.424833E1	-4.110637E-3
2.425167E1	-2.197762E-3
2.425667E1	1.149269E-4
2.426000E1	1.215908E-4
2.426500E1	-2.648460E-4
2.426833E1	2.419710E-3
2.427333E1	2.811156E-3
2.427667E1	2.423394E-3
2.428167E1	2.814994E-3
2.428500E1	3.193832E-3
2.429000E1	3.194983E-3
2.429333E1	7.041464E-3
2.430667E1	4.731769E-3
2.431000E1	6.657794E-3
2.431500E1	7.434872E-3
2.431833E1	7.045482E-3
2.432667E1	1.050569E-2
2.433167E1	1.088756E-2
2.433500E1	1.243317E-2
2.434000E1	1.050564E-2
2.434333E1	1.282633E-2
2.434833E1	1.435851E-2
2.435167E1	1.475395E-2
2.435667E1	1.512840E-2
2.436000E1	1.475209E-2
2.436500E1	1.589939E-2
2.436833E1	1.820465E-2
2.437667E1	1.820599E-2
2.438167E1	1.974459E-2
2.438500E1	2.279530E-2
2.439000E1	2.244116E-2
2.439333E1	2.204813E-2
2.439833E1	2.320875E-2
2.440167E1	2.282579E-2
2.440667E1	2.320141E-2
2.441000E1	2.820758E-2
2.441500E1	2.628650E-2
2.441833E1	2.744664E-2
2.442333E1	2.821793E-2
2.443167E1	3.167499E-2
2.443500E1	3.205939E-2
2.444000E1	3.206223E-2
2.444333E1	3.322057E-2
2.444833E1	3.512736E-2
2.445167E1	3.475428E-2
2.445667E1	3.516786E-2
2.446000E1	3.667729E-2
2.446500E1	3.783565E-2
2.446833E1	3.899442E-2
2.447333E1	3.975896E-2
2.447667E1	4.128984E-2
2.448167E1	4.283754E-2
2.448500E1	4.784105E-2
2.449833E1	4.822374E-2
2.450167E1	4.900202E-2
2.450667E1	5.169095E-2
2.451000E1	5.245435E-2
2.451833E1	5.362004E-2
2.452333E1	5.400471E-2
2.452667E1	5.556864E-2
2.453167E1	5.862100E-2
2.453500E1	6.052785E-2
2.454000E1	6.053850E-2
2.454333E1	6.090701E-2
2.454833E1	6.592746E-2
2.455167E1	6.747579E-2
2.456500E1	6.786697E-2
2.456833E1	6.977614E-2
2.457333E1	6.982855E-2
2.457667E1	7.132374E-2
2.458167E1	7.324021E-2
2.458500E1	7.631328E-2
2.459000E1	7.594153E-2
2.459333E1	7.748385E-2
2.459833E1	7.862876E-2
2.460167E1	8.054843E-2
2.460667E1	8.132264E-2
2.461167E1	8.286045E-2
2.461500E1	8.671126E-2
2.462333E1	8.748265E-2
2.462833E1	9.017144E-2
2.463667E1	9.135626E-2
2.464000E1	9.287466E-2
2.464500E1	9.442334E-2
2.464833E1	9.595704E-2
2.465333E1	9.710861E-2
2.465667E1	9.902341E-2
2.466167E1	1.013397E-1
2.466500E1	1.017287E-1
2.467000E1	1.032897E-1
2.467333E1	1.051715E-1
2.467833E1	1.094690E-1
2.469000E1	1.117209E-1
2.469500E1	1.128917E-1
2.469833E1	1.148190E-1
2.470333E1	1.174939E-1
2.471167E1	1.205787E-1
2.471500E1	1.213473E-1
2.472000E1	1.221200E-1
2.472333E1	1.259570E-1
2.472833E1	1.252203E-1
2.473167E1	1.282679E-1
2.473667E1	1.286770E-1
2.474000E1	1.297565E-1
2.474500E1	1.348594E-1
2.475667E1	1.371234E-1
2.476167E1	1.373354E-1
2.476500E1	1.398473E-1
2.477000E1	1.419473E-1
2.477833E1	1.444135E-1
2.478167E1	1.460609E-1
2.478667E1	1.482773E-1
2.479000E1	1.494503E-1
2.479500E1	1.510140E-1
2.479833E1	1.525765E-1
2.480333E1	1.542450E-1
2.480667E1	1.559591E-1
2.481167E1	1.575356E-1
2.481500E1	1.598323E-1
2.482000E1	1.610637E-1
2.482333E1	1.625491E-1
2.482833E1	1.644810E-1
2.483167E1	1.659630E-1
2.483667E1	1.675866E-1
2.484000E1	1.694620E-1
2.484500E1	1.710046E-1
2.484833E1	1.726828E-1
2.485333E1	1.741793E-1
2.485667E1	1.763777E-1
2.486167E1	1.776843E-1
2.486500E1	1.810495E-1
2.487333E1	1.825979E-1
2.487833E1	1.860531E-1
2.488667E1	1.879221E-1
2.489000E1	1.894732E-1
2.489500E1	1.910810E-1
2.489833E1	1.929520E-1
2.490333E1	1.948702E-1
2.490667E1	1.963961E-1
2.491167E1	1.994634E-1
2.491500E1	1.994813E-1
2.492000E1	2.017817E-1
2.492333E1	2.029500E-1
2.492833E1	2.060407E-1
2.493667E1	2.094875E-1
2.494500E1	2.110333E-1
2.494833E1	2.152503E-1
2.495667E1	2.160696E-1
2.496167E1	2.179861E-1
2.496500E1	2.194751E-1
2.497000E1	2.210671E-1
2.497333E1	2.229425E-1
2.497833E1	2.252621E-1
2.498167E1	2.264102E-1
2.498667E1	2.275783E-1
2.499000E1	2.291763E-1
2.499500E1	2.306985E-1
2.499833E1	2.323244E-1
2.500333E1	2.360291E-1
2.501167E1	2.375599E-1
2.501500E1	2.391180E-1
2.502000E1	2.406784E-1
2.502333E1	2.425574E-1
2.502833E1	2.440986E-1
2.503167E1	2.456809E-1
2.503667E1	2.491042E-1
2.504000E1	2.491188E-1
2.504500E1	2.506752E-1
2.504833E1	2.522084E-1
2.505333E1	2.537623E-1
2.505667E1	2.552812E-1
2.506167E1	2.583470E-1
2.507000E1	2.618272E-1
2.507833E1	2.641380E-1
2.508167E1	2.648757E-1
2.508667E1	2.672088E-1
2.509000E1	2.687508E-1
2.509500E1	2.714417E-1
2.509833E1	2.722053E-1
2.510333E1	2.733611E-1
2.510667E1	2.760468E-1
2.511167E1	2.775953E-1
2.511500E1	2.783677E-1
2.512000E1	2.795246E-1
2.512333E1	2.818320E-1
2.512833E1	2.845368E-1
2.513667E1	2.868243E-1
2.514500E1	2.891440E-1
2.514833E1	2.899273E-1
2.515333E1	2.910829E-1
2.515667E1	2.933810E-1
2.516167E1	2.945433E-1
2.516500E1	2.964589E-1
2.517000E1	2.991462E-1
2.517333E1	2.987720E-1
2.517833E1	3.006880E-1
2.518167E1	3.026082E-1
2.518667E1	3.033848E-1
2.519000E1	3.099048E-1
2.520333E1	3.106977E-1
2.520667E1	3.110835E-1
2.521167E1	3.133827E-1
2.521500E1	3.160922E-1
2.522333E1	3.157083E-1
2.522833E1	3.187782E-1
2.523167E1	3.214632E-1
2.523667E1	3.222208E-1
2.524000E1	3.237824E-1
2.524500E1	3.245471E-1
2.524833E1	3.264766E-1
2.525333E1	3.280118E-1
2.525833E1	3.287819E-1
2.526167E1	3.303291E-1
2.526667E1	3.326309E-1
2.527500E1	3.341726E-1
2.527833E1	3.345569E-1
2.528333E1	3.368691E-1
2.528667E1	3.384188E-1
2.529167E1	3.403123E-1
2.529500E1	3.407126E-1
2.530000E1	3.414865E-1
2.530333E1	3.426398E-1
2.530833E1	3.441680E-1
2.531167E1	3.453361E-1
2.531667E1	3.480303E-1
2.532500E1	3.499477E-1
2.533333E1	3.514977E-1
2.533667E1	3.541830E-1
2.534167E1	3.545682E-1
2.534500E1	3.545721E-1
2.535000E1	3.568917E-1
2.535333E1	3.572664E-1
2.535833E1	3.588054E-1
2.536167E1	3.599557E-1
2.536667E1	3.610971E-1
2.537000E1	3.618835E-1
2.537500E1	3.634273E-1
2.537833E1	3.664990E-1
2.538667E1	3.665030E-1
2.539167E1	3.688134E-1
2.540000E1	3.711105E-1
2.540333E1	3.711069E-1
2.540833E1	3.718842E-1
2.541167E1	3.730489E-1
2.541667E1	3.741878E-1
2.542000E1	3.757315E-1
2.542500E1	3.765145E-1
2.542833E1	3.772641E-1
2.543333E1	3.784447E-1
2.543667E1	3.788120E-1
2.544167E1	3.811187E-1
2.544500E1	3.807312E-1
2.545000E1	3.834492E-1
2.545833E1	3.845976E-1
2.546167E1	3.846009E-1
2.546667E1	3.861275E-1
2.547000E1	3.865274E-1
2.547500E1	3.872990E-1
2.547833E1	3.888201E-1
2.548333E1	3.903628E-1
2.548667E1	3.899773E-1
2.549167E1	3.911223E-1
2.549500E1	3.915149E-1
2.550000E1	3.926591E-1
2.550333E1	3.938253E-1
2.550833E1	3.969066E-1
2.551667E1	3.988240E-1
2.552500E1	4.011321E-1
2.553333E1	4.030493E-1
2.553667E1	4.003645E-1
2.554167E1	4.015231E-1
2.554500E1	4.015323E-1
2.555000E1	4.019206E-1
2.555333E1	4.026800E-1
2.555833E1	4.049816E-1
2.556167E1	4.046099E-1
2.556667E1	4.072840E-1
2.557000E1	4.069070E-1
2.557500E1	4.069114E-1
2.557833E1	4.088234E-1
2.558333E1	4.092268E-1
2.559167E1	4.096085E-1
2.559500E1	4.099988E-1
2.560000E1	4.115269E-1
2.560333E1	4.142226E-1
2.561167E1	4.142258E-1
2.561667E1	4.149857E-1
2.562000E1	4.149863E-1
2.562500E1	4.149876E-1
2.562833E1	4.157627E-1
2.563333E1	4.157654E-1
2.563667E1	4.165318E-1
2.564500E1	4.180728E-1
2.565333E1	4.184487E-1
2.565833E1	4.207609E-1
2.566167E1	4.188413E-1
2.567500E1	4.203695E-1
2.567833E1	4.192356E-1
2.568333E1	4.207607E-1
2.568667E1	4.207630E-1
2.569167E1	4.211478E-1
2.569500E1	4.226895E-1
2.570000E1	4.230811E-1
2.570833E1	4.234612E-1
2.571167E1	4.276753E-1
2.572000E1	4.269201E-1
2.572500E1	4.261559E-1
2.572833E1	4.257662E-1
2.573333E1	4.253915E-1
2.573667E1	4.257627E-1
2.574167E1	4.257683E-1
2.574500E1	4.269211E-1
2.575000E1	4.273091E-1
2.575333E1	4.269222E-1
2.575833E1	4.273266E-1
2.576167E1	4.273030E-1
2.576667E1	4.276876E-1
2.577500E1	4.276928E-1
2.577833E1	4.284573E-1
2.578667E1	4.284778E-1
2.579167E1	4.284782E-1
2.579500E1	4.288319E-1
2.580000E1	4.288454E-1
2.580333E1	4.292240E-1
2.580833E1	4.288354E-1
2.581167E1	4.307717E-1
2.581667E1	4.296219E-1
2.582000E1	4.296105E-1
2.582500E1	4.296210E-1
2.582833E1	4.296048E-1
2.583667E1	4.296234E-1
2.584167E1	4.296094E-1
2.585000E1	4.292510E-1
2.585333E1	4.292325E-1
2.585833E1	4.292398E-1
2.586167E1	4.292365E-1
2.586667E1	4.284537E-1
2.587000E1	4.288466E-1
2.587500E1	4.288524E-1
2.587833E1	4.288363E-1
2.588333E1	4.292228E-1
2.588667E1	4.288583E-1
2.589167E1	4.280826E-1
2.589500E1	4.272970E-1
2.590833E1	4.269347E-1
2.591167E1	4.269167E-1
2.591667E1	4.265547E-1
2.592167E1	4.273058E-1
2.593000E1	4.257657E-1
2.593333E1	4.257788E-1
2.593833E1	4.261490E-1
2.594167E1	4.257588E-1
2.594667E1	4.246173E-1
2.595000E1	4.246114E-1
2.595500E1	4.246096E-1
2.595833E1	4.223115E-1
2.596667E1	4.230736E-1
2.597167E1	4.230679E-1
2.597500E1	4.226853E-1
2.598000E1	4.238391E-1
2.598833E1	4.211429E-1
2.599167E1	4.203710E-1
2.599667E1	4.199955E-1
2.600000E1	4.203667E-1
2.600500E1	4.207678E-1
2.600833E1	4.188348E-1
2.601333E1	4.184420E-1
2.601667E1	4.176784E-1
2.602167E1	4.176933E-1
2.602500E1	4.169127E-1
2.603000E1	4.157567E-1
2.603833E1	4.157536E-1
2.604167E1	4.161479E-1
2.604667E1	4.146007E-1
2.605000E1	4.134494E-1
2.605500E1	4.126766E-1
2.605833E1	4.122903E-1
2.606333E1	4.119115E-1
2.606667E1	4.115162E-1
2.607167E1	4.099989E-1
2.607500E1	4.092235E-1
2.608000E1	4.084434E-1
2.608333E1	4.096012E-1
2.608833E1	4.076891E-1
2.609167E1	4.049987E-1
2.610000E1	4.045942E-1
2.610500E1	4.042209E-1
2.610833E1	4.038325E-1
2.611333E1	4.026862E-1
2.611667E1	4.019112E-1
2.612167E1	4.015097E-1
2.612500E1	3.999759E-1
2.613000E1	3.984579E-1
2.613333E1	3.984318E-1
2.613833E1	3.972913E-1
2.614167E1	3.972836E-1
2.614667E1	3.945952E-1
2.615500E1	3.938181E-1
2.615833E1	3.919060E-1
2.616667E1	3.922768E-1
2.617167E1	3.903585E-1
2.617500E1	3.911230E-1
2.618000E1	3.895977E-1
2.618333E1	3.884337E-1
2.618833E1	3.872761E-1
2.619167E1	3.857376E-1
2.619667E1	3.845945E-1
2.620000E1	3.841970E-1
2.620500E1	3.834243E-1
2.620833E1	3.822728E-1
2.621333E1	3.772837E-1
2.623000E1	3.776529E-1
2.623333E1	3.765077E-1
2.623833E1	3.757271E-1
2.624167E1	3.742072E-1
2.625000E1	3.726700E-1
2.625500E1	3.703470E-1
2.625833E1	3.695811E-1
2.626333E1	3.688100E-1
2.626667E1	3.676756E-1
2.627167E1	3.661171E-1
2.627500E1	3.657373E-1
2.628000E1	3.634096E-1
2.628833E1	3.630319E-1
2.629167E1	3.615028E-1
2.629667E1	3.591837E-1
2.630000E1	3.584128E-1
2.630500E1	3.580373E-1
2.630833E1	3.553644E-1
2.631333E1	3.545803E-1
2.631667E1	3.534182E-1
2.632167E1	3.522538E-1
2.632500E1	3.507435E-1
2.633000E1	3.495777E-1
2.633333E1	3.484168E-1
2.633833E1	3.468800E-1
2.634167E1	3.453368E-1
2.635000E1	3.434145E-1
2.635500E1	3.422528E-1
2.635833E1	3.414842E-1
2.636333E1	3.395640E-1
2.636667E1	3.384021E-1
2.637167E1	3.368665E-1
2.637500E1	3.372469E-1
2.638000E1	3.345704E-1
2.638333E1	3.326457E-1
2.638833E1	3.318743E-1
2.639167E1	3.303194E-1
2.639667E1	3.284063E-1
2.640000E1	3.276278E-1
2.640500E1	3.249374E-1
2.641333E1	3.241701E-1
2.641667E1	3.206977E-1
2.642500E1	3.206842E-1
2.643000E1	3.205339E-1
2.643333E1	3.164618E-1
2.643833E1	3.157087E-1
2.644167E1	3.133907E-1
2.644667E1	3.122429E-1
2.645000E1	3.114570E-1
2.645500E1	3.091473E-1
2.645833E1	3.083637E-1
2.646333E1	3.061157E-1
2.646667E1	3.045464E-1
2.647167E1	3.018518E-1
2.648000E1	3.006731E-1
2.648333E1	2.972365E-1
2.649167E1	2.960643E-1
2.649667E1	2.945522E-1
2.650000E1	2.929867E-1
2.650500E1	2.910682E-1
2.650833E1	2.899481E-1
2.651333E1	2.883530E-1
2.651667E1	2.868319E-1
2.652167E1	2.852931E-1
2.652500E1	2.841180E-1
2.653000E1	2.826051E-1
2.653333E1	2.810703E-1
2.653833E1	2.775942E-1
2.654667E1	2.757210E-1
2.655000E1	2.744979E-1
2.655500E1	2.733629E-1
2.655833E1	2.711113E-1
2.656333E1	2.679712E-1
2.657167E1	2.672022E-1
2.657667E1	2.649132E-1
2.658000E1	2.633846E-1
2.658500E1	2.618260E-1
2.658833E1	2.603240E-1
2.659333E1	2.587206E-1
2.659667E1	2.568490E-1
2.660167E1	2.521788E-1
2.661333E1	2.507430E-1
2.661833E1	2.491446E-1
2.662167E1	2.483389E-1
2.662667E1	2.441147E-1
2.663500E1	2.425652E-1
2.663833E1	2.410768E-1
2.664333E1	2.392081E-1
2.664667E1	2.376068E-1
2.665167E1	2.360143E-1
2.665500E1	2.341141E-1
2.666000E1	2.326122E-1
2.666333E1	2.310367E-1
2.666833E1	2.295123E-1
2.667167E1	2.279483E-1
2.667667E1	2.267936E-1
2.668000E1	2.249362E-1
2.668500E1	2.233513E-1
2.668833E1	2.213749E-1
2.669333E1	2.198702E-1
2.669667E1	2.179675E-1
2.670167E1	2.164253E-1
2.670500E1	2.145623E-1
2.671000E1	2.129027E-1
2.671333E1	2.114098E-1
2.671833E1	2.076114E-1
2.672667E1	2.064104E-1
2.673000E1	2.029667E-1
2.673833E1	2.002351E-1
2.674667E1	1.979906E-1
2.675167E1	1.968064E-1
2.675500E1	1.948538E-1
2.676000E1	1.929565E-1
2.676333E1	1.917450E-1
2.676833E1	1.898573E-1
2.677167E1	1.887076E-1
2.677667E1	1.867487E-1
2.678000E1	1.852195E-1
2.678500E1	1.832671E-1
2.678833E1	1.817786E-1
2.679333E1	1.764903E-1
2.680500E1	1.752156E-1
2.681000E1	1.733019E-1
2.681333E1	1.717569E-1
2.681833E1	1.686585E-1
2.682667E1	1.671308E-1
2.683000E1	1.648756E-1
2.683500E1	1.636584E-1
2.683833E1	1.617897E-1
2.684333E1	1.602402E-1
2.684667E1	1.586734E-1
2.685167E1	1.571325E-1
2.685500E1	1.552428E-1
2.686000E1	1.536822E-1
2.686333E1	1.521106E-1
2.686833E1	1.505857E-1
2.687167E1	1.494406E-1
2.687667E1	1.471337E-1
2.688000E1	1.452557E-1
2.688500E1	1.440976E-1
2.688833E1	1.425099E-1
2.689333E1	1.406073E-1
2.689667E1	1.390223E-1
2.690167E1	1.375207E-1
2.690500E1	1.359657E-1
2.691000E1	1.344326E-1
2.691333E1	1.310098E-1
2.692167E1	1.294229E-1
2.692667E1	1.271032E-1
2.693500E1	1.248351E-1
2.693833E1	1.233208E-1
2.694333E1	1.221078E-1
2.694667E1	1.202306E-1
2.695167E1	1.186528E-1
2.695500E1	1.171385E-1
2.696000E1	1.159619E-1
2.696333E1	1.137279E-1
2.696833E1	1.128714E-1
2.697167E1	1.109299E-1
2.697667E1	1.078691E-1
2.698500E1	1.067064E-1
2.698833E1	1.036451E-1
2.699667E1	1.021078E-1
2.700167E1	1.006135E-1
2.700500E1	9.905249E-2
2.701000E1	9.750980E-2
2.701333E1	9.596667E-2
2.701833E1	9.476107E-2
2.702167E1	9.289368E-2
2.702667E1	9.170618E-2
2.703000E1	9.056990E-2
2.703500E1	8.864149E-2
2.703833E1	8.712687E-2
2.704333E1	8.563616E-2
2.704667E1	8.292289E-2
2.705500E1	8.022445E-2
2.706333E1	7.902022E-2
2.706833E1	7.863047E-2
2.707167E1	7.633713E-2
2.707667E1	7.515324E-2
2.708000E1	7.364629E-2
2.708500E1	7.209663E-2
2.708833E1	7.092800E-2
2.709333E1	6.977068E-2
2.709667E1	6.826345E-2
2.710167E1	6.712984E-2
2.710500E1	6.598307E-2
2.711000E1	6.439063E-2
2.711333E1	6.324964E-2
2.712167E1	5.940328E-2
2.713000E1	5.938103E-2
2.713500E1	5.748625E-2
2.713833E1	5.629727E-2
2.714333E1	5.478716E-2
2.714667E1	5.438338E-2
2.715167E1	5.251491E-2
2.715500E1	5.133317E-2
2.716000E1	5.019248E-2
2.716333E1	4.900128E-2
2.716833E1	4.819797E-2
2.717167E1	4.669203E-2
2.717667E1	4.475823E-2
2.718500E1	4.206217E-2
2.719333E1	4.131390E-2
2.719667E1	4.013829E-2
2.720167E1	3.938507E-2
2.720500E1	3.821187E-2
2.721000E1	3.748626E-2
2.721500E1	3.629456E-2
2.721833E1	3.511446E-2
2.722333E1	3.401426E-2
2.722667E1	3.358427E-2
2.723167E1	3.281430E-2
2.723500E1	3.129193E-2
2.724000E1	2.820555E-2
2.725167E1	2.743626E-2
2.725667E1	2.632272E-2
2.726000E1	2.590364E-2
2.726500E1	2.398691E-2
2.727333E1	2.397076E-2
2.727667E1	2.246462E-2
2.728167E1	2.203570E-2
2.728500E1	2.090647E-2
2.729000E1	2.051817E-2
2.729333E1	1.973827E-2
2.729833E1	1.936936E-2
2.730167E1	1.780946E-2
2.730667E1	1.668425E-2
2.731000E1	1.625116E-2
2.731500E1	1.550011E-2
2.732333E1	1.431520E-2
2.732667E1	1.394506E-2
2.733167E1	1.283680E-2
2.733500E1	1.240134E-2
2.734000E1	1.202433E-2
2.734333E1	1.126562E-2
2.734833E1	1.050149E-2
2.735167E1	9.714617E-3
2.735667E1	8.990914E-3
2.736000E1	8.593705E-3
2.736500E1	7.810905E-3
2.737333E1	6.303474E-3
2.738167E1	5.883349E-3
2.738500E1	5.485847E-3
2.739000E1	4.760761E-3
2.739333E1	4.011934E-3
2.739833E1	3.589950E-3
2.740167E1	3.215741E-3
2.740667E1	2.809728E-3
2.741000E1	2.061700E-3
2.741500E1	2.046643E-3
2.741833E1	1.674581E-3
2.742333E1	1.261743E-3
2.742667E1	1.800596E-4
2.744000E1	-6.001154E-4
2.744833E1	-6.490663E-4
2.745167E1	-1.020243E-3
2.745667E1	-1.074809E-3
2.746000E1	-1.419267E-3
2.746500E1	-1.772373E-3
2.746833E1	-1.812832E-3
2.747333E1	-1.811906E-3
2.747667E1	-1.847452E-3
2.748167E1	-1.835678E-3
2.748500E1	-2.182086E-3
2.749000E1	-2.605868E-3
2.749333E1	-3.356322E-3
2.750667E1	-3.294879E-3
2.751000E1	-3.302442E-3
2.751500E1	-3.331491E-3
2.751833E1	-3.360142E-3
2.752667E1	-3.341911E-3
2.753167E1	-3.310936E-3
2.753500E1	-3.321230E-3
2.754000E1	-3.327521E-3
2.754333E1	-3.258291E-3
2.754833E1	-3.368048E-3
2.755167E1	-3.296548E-3
2.755667E1	-3.305755E-3
2.756000E1	-3.288127E-3
2.756500E1	-3.289718E-3
2.756833E1	-3.009952E-3
2.757667E1	-2.866440E-3
2.758167E1	-2.219347E-3
2.758500E1	-2.240073E-3
2.759000E1	-1.856559E-3
2.759333E1	-1.732705E-3
2.759833E1	-1.405673E-3
2.760167E1	-1.061263E-3
2.760667E1	-1.030539E-3
2.761000E1	-6.726100E-4
2.761500E1	-2.881036E-4
2.761833E1	1.119329E-4
2.762333E1	1.635846E-3
2.763500E1	1.973772E-3
2.764000E1	2.042445E-3
2.764333E1	2.454351E-3
2.764833E1	3.187414E-3
2.765667E1	3.553107E-3
2.766000E1	3.935948E-3
2.766500E1	4.354957E-3
2.766833E1	5.109681E-3
2.767333E1	5.852508E-3
2.767667E1	6.215353E-3
2.768167E1	7.001947E-3
2.768500E1	7.403622E-3
2.769000E1	7.820447E-3
2.769333E1	8.138231E-3
2.769833E1	9.697869E-3
2.770667E1	1.011798E-2
2.771000E1	1.051420E-2
2.771500E1	1.126360E-2
2.771833E1	1.202159E-2
2.772333E1	1.382979E-2
2.772667E1	1.627955E-2
2.773167E1	1.434173E-2
2.773500E1	1.791273E-2
2.774000E1	1.554265E-2
2.774333E1	1.665893E-2
2.774833E1	1.779730E-2
2.775667E1	1.975204E-2
2.776500E1	2.716740E-2
2.776833E1	2.909537E-2
2.777333E1	2.870234E-2
2.777667E1	3.101354E-2
2.778167E1	3.139555E-2
2.778500E1	3.218878E-2
2.779000E1	3.255140E-2
2.779333E1	3.255385E-2
2.779833E1	3.409057E-2
2.780167E1	3.487098E-2
2.780667E1	3.562596E-2
2.781000E1	3.872387E-2
2.781833E1	3.870373E-2
2.782333E1	3.909646E-2
2.783167E1	4.179178E-2
2.783500E1	4.294883E-2
2.784000E1	4.447967E-2
2.784333E1	4.523002E-2
2.784833E1	4.564634E-2
2.785167E1	4.679052E-2
2.785667E1	4.794766E-2
2.786000E1	4.834060E-2
2.786500E1	4.949739E-2
2.786833E1	5.101436E-2
2.787333E1	5.254787E-2
2.787833E1	5.681567E-2
2.789500E1	5.832418E-2
2.789833E1	5.948803E-2
2.790333E1	5.220343E-2
2.790667E1	5.374424E-2
2.791167E1	5.522963E-2
2.791500E1	5.673983E-2
2.792000E1	5.758309E-2
2.792333E1	5.873278E-2
2.792833E1	6.022654E-2
2.793167E1	6.147138E-2
2.793667E1	6.261942E-2
2.794000E1	6.374249E-2
2.794500E1	6.794337E-2
2.795667E1	7.717273E-2
2.796167E1	7.838021E-2
2.796500E1	7.955537E-2
2.797000E1	8.094803E-2
2.797333E1	7.450183E-2
2.797833E1	8.360174E-2
2.798167E1	8.503997E-2
2.798667E1	8.626884E-2
2.799000E1	8.774045E-2
2.799500E1	8.902912E-2
2.799833E1	9.046918E-2
2.800333E1	9.190930E-2
2.800667E1	9.589623E-2
2.802000E1	9.142370E-2
2.802833E1	9.288819E-2
2.803167E1	9.418010E-2
2.803667E1	9.567850E-2
2.804000E1	9.707367E-2
2.804500E1	9.847088E-2
2.804833E1	9.996257E-2
2.805333E1	1.014027E-1
2.805667E1	1.029391E-1
2.806167E1	1.043137E-1
2.806500E1	1.056028E-1
2.807000E1	1.072632E-1
2.807333E1	1.087483E-1
2.807833E1	1.117825E-1
2.808667E1	1.131016E-1
2.809000E1	1.145849E-1
2.809500E1	1.161132E-1
2.809833E1	1.176153E-1
2.810333E1	1.191422E-1
2.810667E1	1.206596E-1
2.811167E1	1.221460E-1
2.811500E1	1.237350E-1
2.812000E1	1.251923E-1
2.812333E1	1.267075E-1
2.812833E1	1.283618E-1
2.813167E1	1.317824E-1
2.814000E1	1.348901E-1
2.814833E1	1.366839E-1
2.815333E1	1.383399E-1
2.815667E1	1.398814E-1
