5.238	-94.01
5.242	-95.29
5.247	-96.91
5.250	-98.05
5.255	-99.80
5.258	-101.0
5.263	-102.1
5.267	-103.4
5.272	-104.6
5.275	-105.9
5.280	-107.0
5.283	-108.1
5.288	-109.1
5.292	-110.3
5.297	-111.3
5.300	-112.1
5.305	-113.2
5.308	-114.1
5.313	-114.9
5.317	-116.0
5.322	-116.8
5.325	-117.9
5.330	-118.6
5.333	-119.2
5.338	-120.0
5.342	-120.5
5.347	-121.2
5.350	-121.7
5.355	-122.2
5.358	-122.9
5.363	-123.2
5.367	-123.9
5.372	-124.3
5.375	-124.6
5.380	-125.1
5.383	-125.3
5.388	-125.9
5.392	-126.1
5.397	-126.3
5.400	-126.5
5.405	-126.6
5.408	-126.9
5.413	-127.0
5.417	-127.2
5.422	-127.1
5.425	-127.2
5.430	-127.1
5.433	-127.3
5.438	-127.2
5.442	-127.2
5.447	-127.1
5.450	-127.1
5.455	-127.1
5.458	-126.9
5.463	-126.8
5.467	-126.7
5.472	-126.6
5.475	-126.4
5.480	-126.1
5.483	-125.9
5.488	-125.7
5.492	-125.3
5.497	-125.0
5.500	-124.8
5.505	-124.4
5.508	-123.9
5.513	-123.8
5.517	-123.1
5.522	-122.8
5.525	-122.4
5.530	-121.7
5.533	-121.1
5.538	-120.4
5.542	-119.8
5.545	-119.3
5.550	-118.4
5.553	-117.8
5.558	-117.0
5.562	-116.2
5.567	-115.8
5.570	-114.9
5.575	-114.1
5.578	-113.5
5.583	-112.6
5.587	-112.0
5.592	-111.1
5.595	-110.1
5.600	-109.2
5.603	-108.4
5.608	-107.2
5.612	-106.2
5.617	-105.5
5.620	-104.5
5.625	-103.1
5.628	-102.1
5.633	-101.4
5.637	-100.5
5.642	-99.05
5.645	-98.04
5.650	-97.01
5.653	-96.13
5.658	-94.82
5.662	-93.86
5.667	-92.93
5.670	-91.87
5.675	-90.45
5.678	-89.35
5.683	-88.10
5.687	-86.80
5.692	-85.90
5.695	-84.53
5.700	-83.57
5.703	-81.93
5.708	-80.85
5.712	-79.48
5.717	-78.08
5.720	-76.98
5.725	-75.76
5.728	-74.05
5.733	-72.91
5.737	-71.63
5.742	-70.33
5.745	-69.06
5.750	-67.80
5.753	-66.25
5.758	-64.78
5.762	-63.23
5.767	-61.86
5.770	-60.22
5.775	-58.93
5.778	-57.34
5.783	-55.89
5.787	-54.36
5.792	-52.99
5.795	-51.43
5.800	-49.86
5.803	-48.31
5.808	-46.67
5.812	-45.38
5.817	-43.84
5.820	-42.29
5.825	-40.70
5.828	-39.17
5.833	-37.81
5.837	-36.24
5.842	-34.43
5.845	-32.91
5.850	-31.23
5.853	-29.68
5.858	-27.99
5.862	-26.40
5.867	-24.76
5.870	-23.05
5.875	-21.63
5.878	-19.97
5.883	-18.19
5.887	-16.42
5.892	-14.81
5.895	-13.05
5.900	-11.24
5.903	-9.864
5.908	-8.061
5.912	-6.177
5.917	-4.747
5.920	-2.973
5.925	-1.140
5.928	0.605
5.933	2.386
5.937	3.976
5.942	5.836
5.945	7.637
5.950	9.372
5.953	11.12
5.958	12.63
5.962	14.54
5.967	16.36
5.970	17.99
5.975	19.75
5.978	21.59
5.983	23.41
5.987	25.03
5.992	26.98
5.995	28.27
6.000	30.02
6.003	31.96
6.008	33.90
6.012	35.82
6.017	37.72
6.020	39.02
6.025	40.99
6.028	42.86
6.033	44.82
6.037	46.61
6.042	48.45
6.045	50.17
6.050	51.96
6.053	53.52
6.058	55.29
6.062	57.04
6.067	58.84
6.070	60.66
6.075	62.43
6.078	64.05
6.082	65.90
6.087	67.86
6.090	69.68
6.095	71.46
6.098	73.09
6.103	74.93
6.107	76.86
6.112	78.70
6.115	80.56
6.120	82.31
6.123	84.10
6.128	85.87
6.132	87.51
6.137	89.22
6.140	90.95
6.145	92.78
6.148	94.74
6.153	96.50
6.157	98.21
6.162	99.94
6.165	101.6
6.170	103.5
6.173	105.3
6.178	107.0
6.182	108.7
6.187	110.5
6.190	112.0
6.195	113.8
6.198	115.6
6.203	117.3
6.207	118.9
6.212	120.6
6.215	122.2
6.220	123.9
6.223	125.8
6.228	127.2
6.232	128.9
6.237	130.3
6.240	132.0
6.245	133.9
6.248	135.3
6.253	136.9
6.257	138.3
6.262	139.9
6.265	141.7
6.270	143.1
6.273	144.9
6.278	146.3
6.282	147.9
6.287	149.3
6.290	150.9
6.295	152.2
6.298	154.0
6.303	155.5
6.307	157.1
6.312	158.4
6.315	159.9
6.320	161.3
6.323	162.7
6.328	164.2
6.332	165.8
6.337	166.9
6.340	168.4
6.345	169.8
6.348	171.1
6.353	172.7
6.357	174.0
6.362	175.2
6.365	176.6
6.370	178.0
6.373	179.1
6.378	180.3
6.382	181.3
6.387	182.8
6.390	184.0
6.395	185.0
6.398	186.1
6.403	187.4
6.407	188.3
6.412	189.6
6.415	190.6
6.420	191.9
6.423	193.0
6.428	193.9
6.432	195.0
6.437	195.9
6.440	197.0
6.445	198.0
6.448	198.8
6.453	199.9
6.457	200.7
6.462	201.8
6.465	202.5
6.470	203.3
6.473	204.2
6.478	205.0
6.482	205.8
6.487	206.4
6.490	207.0
6.495	207.7
6.498	208.3
6.503	208.9
6.507	209.5
6.512	210.0
6.515	210.7
6.520	211.2
6.523	211.9
6.528	212.1
6.532	212.7
6.537	213.0
6.540	213.6
6.545	213.9
6.548	214.2
6.553	214.3
6.557	214.6
6.562	214.8
6.565	215.0
6.570	215.0
6.573	215.1
6.578	215.0
6.582	215.0
6.587	215.0
6.590	215.0
6.595	215.0
6.598	214.9
6.603	214.8
6.607	214.5
6.612	214.2
6.615	214.0
6.618	214.0
6.623	213.3
6.627	213.0
6.632	212.5
6.635	212.3
6.640	211.8
6.643	211.7
6.648	211.0
6.652	210.8
6.657	210.4
6.660	209.4
6.665	208.9
6.668	207.9
6.673	207.4
6.677	206.9
6.682	205.9
6.685	205.4
6.690	204.1
6.693	203.7
6.698	202.3
6.702	201.6
6.707	200.7
6.710	199.9
6.715	198.6
6.718	197.8
6.723	196.6
6.727	195.8
6.732	194.2
6.735	193.1
6.740	192.2
6.743	190.4
6.748	189.2
6.752	188.0
6.757	186.3
6.760	185.0
6.765	183.1
6.768	181.9
6.773	180.7
6.777	178.9
6.782	177.3
6.785	176.0
6.790	173.9
6.793	172.3
6.798	170.2
6.802	168.7
6.807	166.9
6.810	164.9
6.815	163.1
6.818	161.2
6.823	159.0
6.827	157.1
6.832	155.1
6.835	153.0
6.840	150.9
6.843	148.9
6.848	146.7
6.852	144.6
6.857	142.9
6.860	140.8
6.865	138.4
6.868	136.1
6.873	134.0
6.877	131.9
6.882	129.8
6.885	127.1
6.890	125.0
6.893	122.8
6.898	120.2
6.902	118.0
6.907	115.4
6.910	113.0
6.915	110.6
6.918	108.2
6.923	105.8
6.927	103.1
6.932	100.7
6.935	98.21
6.940	95.47
6.943	92.76
6.948	90.11
6.952	87.40
6.957	84.89
6.960	82.15
6.965	79.68
6.968	77.07
6.973	74.38
6.977	71.83
6.982	69.05
6.985	66.37
6.990	63.79
6.993	61.05
6.998	58.18
7.002	55.70
7.007	53.01
7.010	50.24
7.015	47.67
7.018	44.96
7.023	42.19
7.027	40.02
7.032	37.21
7.035	34.87
7.040	32.03
7.043	29.57
7.048	27.00
7.052	24.34
7.057	21.88
7.060	19.09
7.065	16.62
7.068	14.07
7.073	11.80
7.077	9.175
7.082	6.786
7.085	4.003
7.090	1.843
7.093	-0.872
7.098	-3.276
7.102	-5.794
7.107	-7.950
7.110	-10.31
7.115	-12.94
7.118	-15.00
7.123	-17.38
7.127	-20.01
7.132	-21.98
7.135	-24.31
7.140	-26.93
7.143	-28.93
7.148	-31.15
7.152	-33.20
7.157	-35.67
7.160	-38.10
7.163	-39.96
7.168	-42.15
7.172	-44.09
7.177	-46.22
7.180	-48.22
7.185	-50.24
7.188	-52.11
7.193	-54.14
7.197	-56.02
7.202	-58.03
7.205	-59.96
7.210	-61.95
7.213	-63.81
7.218	-65.84
7.222	-67.46
7.227	-69.14
7.230	-70.92
7.235	-72.88
7.238	-74.60
7.243	-76.43
7.247	-77.99
7.252	-79.62
7.255	-81.23
7.260	-82.88
7.263	-84.43
7.268	-85.84
7.272	-87.12
7.277	-88.87
7.280	-90.13
7.285	-91.57
7.288	-92.97
7.293	-94.12
7.297	-95.60
7.302	-96.83
7.305	-98.08
7.310	-99.07
7.313	-100.5
7.318	-101.2
7.322	-102.2
7.327	-103.5
7.330	-104.2
7.335	-105.3
7.338	-106.1
7.343	-107.1
7.347	-108.0
7.352	-109.0
7.355	-109.9
7.360	-110.6
7.363	-111.6
7.368	-112.3
7.372	-113.1
7.377	-113.9
7.380	-114.2
7.385	-115.0
7.388	-115.7
7.393	-116.1
7.397	-116.7
7.402	-117.1
7.405	-117.8
7.410	-118.1
7.413	-118.8
7.418	-119.0
7.422	-119.6
7.427	-119.9
7.430	-120.2
7.435	-120.4
7.438	-120.7
7.443	-121.0
7.447	-121.2
7.452	-121.2
7.455	-121.3
7.460	-121.2
7.463	-121.5
7.468	-121.3
7.472	-121.3
7.477	-121.2
7.480	-121.2
7.485	-121.1
7.488	-121.1
7.493	-121.0
7.497	-121.0
7.502	-120.9
7.505	-120.9
7.510	-120.4
7.513	-120.2
7.518	-120.1
7.522	-120.0
7.527	-119.6
7.530	-119.2
7.535	-118.9
7.538	-118.8
7.543	-118.1
7.547	-118.0
7.552	-117.3
7.555	-117.0
7.560	-116.6
7.563	-116.0
7.568	-115.8
7.572	-115.2
7.577	-114.6
7.580	-114.2
7.585	-113.3
7.588	-112.9
7.593	-112.0
7.597	-111.5
7.602	-110.8
7.605	-110.0
7.610	-109.3
7.613	-108.6
7.618	-107.8
7.622	-107.1
7.627	-106.3
7.630	-105.3
7.635	-104.7
7.638	-103.9
7.643	-102.8
7.647	-102.1
7.652	-101.1
7.655	-100.5
7.660	-99.10
7.663	-98.20
7.668	-97.21
7.672	-96.06
7.677	-95.17
7.680	-94.05
7.685	-93.14
7.688	-91.93
7.693	-91.02
7.697	-89.92
7.702	-89.18
7.705	-87.75
7.708	-86.88
7.713	-85.81
7.717	-84.89
7.722	-83.81
7.725	-82.94
7.730	-81.27
7.733	-80.06
7.738	-78.92
7.742	-77.87
7.747	-76.84
7.750	-75.80
7.755	-73.96
7.758	-72.77
7.763	-71.73
7.767	-70.69
7.772	-69.41
7.775	-68.16
7.780	-66.90
7.783	-65.73
7.788	-64.59
7.792	-62.86
7.797	-61.39
7.800	-60.17
7.805	-58.87
7.808	-57.56
7.813	-56.34
7.817	-54.91
7.822	-53.35
7.825	-51.81
7.830	-50.50
7.833	-48.93
7.838	-47.33
7.842	-46.04
7.847	-44.31
7.850	-42.89
7.855	-41.30
7.858	-39.77
7.863	-38.30
7.867	-36.92
7.872	-35.31
7.875	-33.87
7.880	-32.41
7.883	-30.86
7.888	-29.31
7.892	-27.84
7.897	-26.11
7.900	-24.65
7.905	-23.06
7.908	-21.39
7.913	-19.71
7.917	-18.10
7.922	-16.31
7.925	-14.81
7.930	-13.03
7.933	-11.53
7.938	-9.940
7.942	-8.401
7.947	-6.802
7.950	-5.035
7.955	-3.580
7.958	-1.976
7.963	-0.415
7.967	1.427
7.972	3.048
7.975	4.682
7.980	6.375
7.983	8.025
7.988	9.841
7.992	11.62
7.997	13.13
8.000	14.96
8.005	16.73
8.008	18.41
8.013	19.92
8.017	21.74
8.022	23.57
8.025	25.28
8.030	27.01
8.033	28.27
8.038	30.11
8.042	31.91
8.047	33.78
8.050	35.53
8.055	37.33
8.058	39.02
8.063	40.89
8.067	42.59
8.072	44.19
8.075	45.91
8.080	47.84
8.083	49.62
8.088	51.46
8.092	52.97
8.097	54.82
8.100	56.22
8.105	58.03
8.108	59.73
8.113	61.64
8.117	63.56
8.122	65.30
8.125	66.57
8.130	68.67
8.133	70.31
8.138	72.08
8.142	73.98
8.147	75.35
8.150	76.96
8.155	78.77
8.158	80.67
8.163	81.98
8.167	83.90
8.172	85.52
8.175	87.44
8.180	89.12
8.183	90.26
8.188	91.98
8.192	93.92
8.197	95.80
8.200	97.54
8.205	98.84
8.208	100.7
8.213	102.5
8.217	104.0
8.222	105.8
8.225	107.1
8.230	108.9
8.233	110.7
8.238	112.7
8.242	113.8
8.245	115.8
8.250	117.6
8.253	119.2
8.258	120.6
8.262	122.4
8.267	124.0
8.270	125.2
8.275	127.0
8.278	128.7
8.283	130.0
8.287	131.9
8.292	133.6
8.295	134.8
8.300	136.5
8.303	138.1
8.308	139.8
8.312	141.0
8.317	142.8
8.320	144.3
8.325	145.6
8.328	147.2
8.333	148.8
8.337	150.7
8.342	151.7
8.345	153.2
8.350	154.9
8.353	155.8
8.358	157.5
8.362	159.0
8.367	160.1
8.370	161.6
8.375	163.1
8.378	164.2
8.383	165.8
8.387	166.8
8.392	168.0
8.395	169.7
8.400	170.8
8.403	172.0
8.408	173.2
8.412	174.2
8.417	175.7
8.420	177.0
8.425	177.9
8.428	179.1
8.433	180.2
8.437	181.1
8.442	182.5
8.445	183.2
8.450	184.3
8.453	185.2
8.458	186.2
8.462	187.1
8.467	188.1
8.470	189.1
8.475	190.1
8.478	191.0
8.483	191.9
8.487	192.9
8.492	193.8
8.495	194.8
8.500	195.7
8.503	196.3
8.508	197.0
8.512	197.9
8.517	198.7
8.520	199.3
8.525	200.0
8.528	200.9
8.533	201.2
8.537	201.9
8.542	202.6
8.545	203.1
8.550	203.7
8.553	204.1
8.558	204.7
8.562	205.1
8.567	205.5
8.570	206.0
8.575	206.2
8.578	206.5
8.583	206.9
8.587	207.1
8.592	207.4
8.595	207.7
8.600	207.8
8.603	208.0
8.608	208.1
8.612	208.1
8.617	208.1
8.620	208.0
8.625	208.1
8.628	208.2
8.633	208.0
8.637	208.0
8.642	207.9
8.645	207.9
8.650	207.6
8.653	207.5
8.658	207.1
8.662	207.1
8.667	206.7
8.670	206.3
8.675	205.9
8.678	205.6
8.683	205.0
8.687	204.7
8.692	203.9
8.695	203.5
8.700	202.3
8.703	201.9
8.708	201.1
8.712	200.7
8.717	200.2
8.720	199.1
8.725	198.8
8.728	197.4
8.733	197.0
8.737	196.3
8.742	194.9
8.745	194.1
8.750	193.2
8.753	191.9
8.758	191.0
8.762	189.8
8.767	188.9
8.770	187.9
8.775	186.3
8.778	185.3
8.782	183.8
8.787	182.9
8.790	181.8
8.795	180.0
8.798	179.0
8.803	177.2
8.807	175.9
8.812	174.4
8.815	172.8
8.820	171.3
8.823	169.3
8.828	168.0
8.832	166.3
8.837	164.6
8.840	163.0
8.845	161.3
8.848	159.1
8.853	157.7
8.857	156.1
8.862	153.7
8.865	152.1
8.870	150.2
8.873	148.8
8.878	146.1
8.882	144.4
8.887	142.4
8.890	140.0
8.895	138.0
8.898	136.0
8.903	134.1
8.907	132.1
8.912	129.4
8.915	127.2
8.920	125.2
8.923	122.9
8.928	121.0
8.932	118.1
8.937	116.0
8.940	113.9
8.945	111.8
8.948	109.2
8.953	107.0
8.957	104.6
8.962	102.1
8.965	99.82
8.970	97.19
8.973	94.93
8.978	92.70
8.982	90.10
8.987	87.77
8.990	85.18
8.995	82.87
8.998	80.14
9.003	77.71
9.007	75.19
9.012	72.69
9.015	70.17
9.020	67.82
9.023	65.17
9.028	62.81
9.032	60.20
9.037	57.81
9.040	55.14
9.045	52.79
9.048	50.16
9.053	47.79
9.057	45.21
9.062	42.67
9.065	40.14
9.070	37.38
9.073	34.95
9.078	32.48
9.082	29.90
9.087	27.43
9.090	24.97
9.095	22.51
9.098	20.05
9.103	17.75
9.107	15.31
9.112	12.73
9.115	10.23
9.120	7.829
9.123	5.212
9.128	3.012
9.132	0.724
9.137	-1.869
9.140	-4.027
9.145	-6.567
9.148	-8.959
9.153	-11.35
9.157	-13.46
9.162	-15.86
9.165	-18.10
9.170	-20.16
9.173	-22.54
9.178	-24.98
9.182	-26.98
9.187	-29.11
9.190	-31.35
9.195	-33.30
9.198	-35.39
9.203	-37.15
9.207	-39.58
9.212	-41.51
9.215	-43.50
9.220	-45.11
9.223	-47.24
9.228	-49.02
9.232	-51.03
9.237	-52.91
9.240	-54.96
9.245	-56.85
9.248	-58.72
9.253	-60.67
9.257	-62.26
9.262	-64.02
9.265	-65.78
9.270	-67.53
9.273	-69.09
9.278	-70.94
9.282	-72.69
9.287	-74.13
9.290	-75.83
9.295	-77.23
9.298	-78.82
9.303	-80.17
9.307	-81.75
9.312	-83.02
9.315	-84.37
9.320	-85.69
9.323	-87.10
9.327	-88.34
9.332	-89.63
9.335	-90.91
9.340	-92.05
9.343	-93.07
9.348	-94.16
9.352	-95.13
9.357	-96.18
9.360	-97.18
9.365	-98.14
9.368	-99.23
9.373	-100.0
9.377	-101.1
9.382	-101.9
9.385	-103.0
9.390	-103.8
9.393	-104.8
9.398	-105.3
9.402	-106.1
9.407	-106.9
9.410	-107.6
9.415	-108.3
9.418	-108.9
9.423	-109.6
9.427	-110.1
9.432	-110.9
9.435	-111.1
9.440	-111.9
9.443	-112.1
9.448	-112.8
9.452	-113.0
9.457	-113.6
9.460	-114.0
9.465	-114.2
9.468	-114.5
9.473	-114.9
9.477	-115.2
9.482	-115.2
9.485	-115.6
9.490	-115.8
9.493	-116.0
9.498	-115.9
9.502	-116.2
9.507	-116.1
9.510	-116.1
9.515	-116.1
9.518	-116.1
9.523	-116.0
9.527	-116.0
9.532	-115.9
9.535	-116.0
9.540	-115.6
9.543	-115.8
9.548	-115.5
9.552	-115.1
9.557	-114.8
9.560	-114.8
9.565	-114.3
9.568	-114.1
9.573	-113.9
9.577	-113.4
9.582	-113.0
9.585	-112.7
9.590	-112.3
9.593	-111.7
9.598	-111.3
9.602	-111.0
9.607	-110.3
9.610	-109.8
9.615	-109.1
9.618	-108.8
9.623	-107.9
9.627	-107.5
9.632	-107.0
9.635	-106.2
9.640	-105.5
9.643	-105.1
9.648	-104.0
9.652	-103.6
9.657	-103.0
9.660	-102.1
9.665	-101.3
9.668	-100.7
9.673	-99.87
9.677	-98.99
9.682	-98.23
9.685	-97.06
9.690	-96.37
9.693	-95.58
9.698	-94.88
9.702	-93.68
9.707	-93.01
9.710	-92.09
9.715	-90.83
9.718	-90.06
9.723	-89.11
9.727	-88.18
9.732	-86.95
9.735	-85.99
9.740	-85.02
9.743	-84.11
9.748	-82.70
9.752	-81.85
9.757	-80.89
9.760	-79.85
9.765	-78.70
9.768	-77.31
9.773	-76.20
9.777	-75.06
9.782	-73.94
9.785	-72.96
9.790	-71.86
9.793	-70.23
9.798	-69.05
9.802	-67.96
9.807	-66.83
9.810	-65.64
9.815	-64.41
9.818	-63.16
9.823	-62.00
9.827	-60.77
9.832	-59.05
9.835	-57.85
9.840	-56.44
9.843	-55.08
9.848	-53.91
9.852	-52.65
9.857	-51.39
9.860	-49.93
9.865	-48.74
9.868	-47.38
9.872	-46.08
9.877	-44.88
9.880	-43.00
9.885	-41.49
9.888	-39.93
9.893	-38.74
9.897	-37.15
9.902	-35.80
9.905	-34.42
9.910	-32.93
9.913	-31.39
9.918	-29.94
9.922	-28.54
9.927	-27.13
9.930	-25.47
9.935	-23.93
9.938	-22.34
9.943	-20.91
9.947	-19.34
9.952	-17.84
9.955	-16.06
9.960	-14.54
9.963	-13.00
9.968	-11.43
9.972	-9.646
9.977	-8.109
9.980	-6.733
9.985	-5.067
9.988	-3.305
9.993	-1.853
9.997	-0.136
10.002	1.479
10.005	3.014
10.010	4.776
10.013	6.162
10.018	7.762
10.022	9.455
10.027	10.93
10.030	12.49
10.035	14.11
10.038	15.84
10.043	17.64
10.047	19.23
10.052	20.97
10.055	22.29
10.060	24.00
10.063	25.86
10.068	27.54
10.072	29.26
10.077	30.82
10.080	32.68
10.085	34.17
10.088	35.93
10.093	37.51
10.097	39.18
10.102	40.71
10.105	42.70
10.110	44.24
10.113	45.94
10.118	47.75
10.122	49.15
10.127	51.00
10.130	52.82
10.135	54.22
10.138	55.93
10.143	57.82
10.147	59.23
10.152	60.93
10.155	62.67
10.160	64.23
10.163	65.86
10.168	67.62
10.172	69.27
10.177	71.01
10.180	72.67
10.185	74.11
10.188	75.90
10.193	77.36
10.197	79.06
10.202	80.60
10.205	82.30
10.210	83.96
10.213	85.62
10.218	87.10
10.222	88.95
10.227	90.85
10.230	92.36
10.235	94.03
10.238	95.39
10.243	97.05
10.247	98.75
10.252	100.2
10.255	102.0
10.260	103.6
10.263	105.2
10.268	107.0
10.272	108.2
10.277	110.0
10.280	111.6
10.285	113.1
10.288	114.7
10.293	116.2
10.297	118.0
10.302	119.6
10.305	120.9
10.310	122.6
10.313	124.1
10.318	125.8
10.322	127.1
10.327	128.9
10.330	130.4
10.335	131.7
10.338	133.2
10.343	134.8
10.347	136.1
10.352	137.8
10.355	139.1
10.360	140.4
10.363	141.9
10.368	143.4
10.372	144.3
10.377	146.0
10.380	147.0
10.385	148.6
10.388	150.0
10.393	151.7
10.397	152.8
10.400	154.0
10.405	155.1
10.408	156.5
10.413	158.1
10.417	159.1
10.422	160.5
10.425	162.0
10.430	163.0
10.433	164.2
10.438	165.7
10.442	166.4
10.447	167.9
10.450	169.3
10.455	170.0
10.458	171.2
10.463	172.0
10.467	173.2
10.472	174.6
10.475	175.2
10.480	176.7
10.483	178.0
10.488	178.6
10.492	180.0
10.497	181.0
10.500	181.8
10.505	182.9
10.508	184.1
10.513	184.6
10.517	185.8
10.522	186.5
10.525	187.8
10.530	188.1
10.533	189.1
10.538	190.1
10.542	190.6
10.547	191.7
10.550	192.1
10.555	193.0
10.558	194.0
10.563	194.2
10.567	195.0
10.572	195.2
10.575	196.1
10.580	197.0
10.583	197.1
10.588	197.9
10.592	198.0
10.597	198.8
10.600	198.9
10.605	199.7
10.608	199.8
10.613	200.3
10.617	200.9
10.622	200.9
10.625	201.3
10.630	201.1
10.633	201.8
10.638	201.8
10.642	202.0
10.647	201.9
10.650	202.1
10.655	202.1
10.658	202.2
10.663	202.0
10.667	202.0
10.672	202.2
10.675	201.8
10.680	202.0
10.683	201.7
10.688	201.8
10.692	201.2
10.697	201.1
10.700	201.0
10.705	200.5
10.708	200.3
10.713	199.9
10.717	199.6
10.722	198.8
10.725	198.7
10.730	198.0
10.733	197.8
10.738	197.4
10.742	196.2
10.747	196.0
10.750	195.0
10.755	194.6
10.758	194.1
10.763	193.0
10.767	191.9
10.772	191.2
10.775	190.6
10.780	189.3
10.783	188.8
10.788	187.3
10.792	186.5
10.797	186.0
10.800	184.4
10.805	183.6
10.808	182.1
10.813	181.1
10.817	180.1
10.822	178.7
10.825	177.7
10.830	176.1
10.833	175.0
10.838	173.9
10.842	172.2
10.847	171.0
10.850	169.1
10.855	167.8
10.858	166.7
10.863	165.1
10.867	163.2
10.872	161.9
10.875	159.9
10.880	158.3
10.883	156.9
10.888	154.8
10.892	153.3
10.897	151.8
10.900	150.1
10.905	147.9
10.908	146.1
10.913	144.3
10.917	142.0
10.922	140.2
10.925	138.3
10.930	136.4
10.933	134.0
10.938	132.0
10.942	130.1
10.945	128.2
10.950	125.6
10.953	123.9
10.958	121.9
10.962	120.0
10.967	117.8
10.970	115.8
10.975	113.2
10.978	111.0
10.983	108.9
10.987	106.8
10.992	104.7
10.995	102.4
11.000	100.2
11.003	97.96
11.008	95.71
11.012	93.00
11.017	90.76
11.020	88.39
11.025	85.98
11.028	83.66
11.033	81.29
11.037	78.95
11.042	76.31
11.045	73.99
11.050	71.66
11.053	69.15
11.058	66.88
11.062	64.22
11.067	61.87
11.070	59.34
11.075	56.91
11.078	54.23
11.083	51.99
11.087	49.37
11.092	46.98
11.095	44.77
11.100	42.23
11.103	39.83
11.108	37.29
11.112	34.93
11.117	32.46
11.120	29.92
11.125	27.37
11.128	24.88
11.133	22.67
11.137	20.28
11.142	17.94
11.145	15.37
11.150	13.01
11.153	10.99
11.158	8.302
11.162	5.992
11.167	3.850
11.170	1.837
11.175	-0.440
11.178	-2.759
11.183	-5.055
11.187	-7.068
11.192	-9.429
11.195	-11.56
11.200	-13.71
11.203	-16.01
11.208	-18.00
11.212	-20.11
11.217	-22.09
11.220	-24.38
11.225	-26.16
11.228	-28.23
11.233	-30.33
11.237	-32.19
11.242	-34.14
11.245	-36.11
11.250	-38.06
11.253	-40.04
11.258	-41.93
11.262	-43.92
11.267	-45.86
11.270	-47.75
11.275	-49.54
11.278	-51.69
11.283	-53.31
11.287	-55.06
11.292	-56.93
11.295	-58.74
11.300	-60.26
11.303	-61.99
11.308	-63.56
11.312	-65.30
11.317	-66.99
11.320	-68.44
11.325	-69.95
11.328	-71.65
11.333	-72.98
11.337	-74.31
11.342	-75.91
11.345	-77.06
11.350	-78.59
11.353	-79.82
11.358	-81.17
11.362	-82.25
11.367	-83.91
11.370	-85.01
11.375	-86.07
11.378	-87.16
11.383	-88.32
11.387	-89.57
11.392	-90.39
11.395	-91.77
11.400	-92.72
11.403	-93.86
11.408	-94.78
11.412	-95.88
11.417	-96.63
11.420	-97.86
11.425	-98.72
11.428	-99.74
11.433	-100.3
11.437	-100.9
11.442	-101.9
11.445	-102.4
11.450	-103.1
11.453	-103.6
11.458	-104.5
11.462	-105.1
11.467	-105.9
11.470	-106.1
11.475	-106.8
11.478	-107.1
11.482	-107.9
11.487	-108.0
11.490	-108.6
11.495	-108.9
11.498	-109.4
11.503	-109.5
11.507	-110.0
11.512	-110.1
11.515	-110.4
11.520	-110.3
11.523	-110.5
11.528	-110.9
11.532	-111.1
11.537	-111.1
11.540	-111.2
11.545	-111.2
11.548	-111.1
11.553	-111.1
11.557	-111.1
11.562	-111.0
11.565	-111.0
11.570	-110.9
11.573	-110.9
11.578	-110.8
11.582	-110.7
11.587	-110.5
11.590	-110.2
11.595	-109.9
11.598	-109.9
11.603	-109.4
11.607	-109.1
11.612	-109.0
11.615	-108.5
11.620	-108.1
11.623	-107.6
11.628	-107.3
11.632	-106.7
11.637	-106.3
11.640	-106.1
11.645	-105.4
11.648	-105.0
11.653	-104.2
11.657	-103.8
11.662	-103.3
11.665	-102.6
11.670	-102.2
11.673	-101.2
11.678	-100.9
11.682	-100.3
11.687	-99.20
11.690	-98.85
11.695	-98.16
11.698	-97.09
11.703	-96.46
11.707	-96.02
11.712	-94.89
11.715	-94.23
11.720	-93.61
11.723	-92.40
11.728	-91.78
11.732	-91.04
11.737	-89.94
11.740	-89.10
11.745	-88.41
11.748	-87.04
11.753	-86.15
11.757	-85.24
11.762	-84.69
11.765	-83.94
11.770	-82.42
11.773	-81.44
11.778	-80.56
11.782	-79.90
11.787	-78.50
11.790	-77.28
11.795	-76.38
11.798	-75.45
11.803	-73.77
11.807	-72.94
11.812	-71.94
11.815	-71.07
11.820	-69.95
11.823	-69.04
11.828	-67.39
11.832	-66.10
11.837	-65.02
11.840	-64.03
11.845	-62.98
11.848	-61.94
11.853	-60.71
11.857	-59.72
11.862	-58.07
11.865	-56.88
11.870	-55.85
11.873	-54.60
11.878	-53.53
11.882	-52.31
11.887	-51.09
11.890	-49.94
11.895	-48.64
11.898	-46.88
11.903	-45.77
11.907	-44.55
11.912	-43.09
11.915	-41.95
11.920	-40.37
11.923	-39.06
11.928	-37.66
11.932	-36.39
11.937	-34.95
11.940	-33.67
11.945	-32.21
11.948	-30.93
11.953	-29.39
11.957	-27.91
11.962	-26.48
11.965	-25.11
11.970	-23.67
11.973	-22.15
11.978	-20.79
11.982	-19.27
11.987	-17.84
11.990	-16.37
11.995	-14.90
11.998	-13.26
12.003	-11.84
12.007	-10.23
12.012	-8.846
12.015	-7.082
12.020	-5.634
12.023	-4.005
12.027	-2.550
12.032	-1.175
12.035	0.378
12.040	1.960
12.043	3.426
12.048	4.918
12.052	6.825
12.057	8.232
12.060	9.922
12.065	11.66
12.068	13.20
12.073	14.96
12.077	16.60
12.082	18.16
12.085	19.72
12.090	21.39
12.093	23.05
12.098	24.69
12.102	26.45
12.107	27.87
12.110	29.00
12.115	30.83
12.118	32.65
12.123	34.26
12.127	35.88
12.132	37.28
12.135	38.88
12.140	40.69
12.143	42.06
12.148	43.62
12.152	45.20
12.157	46.97
12.160	48.70
12.165	50.33
12.168	51.90
12.173	53.64
12.177	55.11
12.182	56.94
12.185	58.36
12.190	60.03
12.193	61.81
12.198	63.55
12.202	65.06
12.207	66.87
12.210	68.30
12.215	69.98
12.218	71.40
12.223	73.16
12.227	74.62
12.232	76.20
12.235	77.75
12.240	79.17
12.243	81.01
12.248	82.51
12.252	84.04
12.257	85.85
12.260	87.29
12.265	88.93
12.268	90.60
12.273	92.10
12.277	93.84
12.282	95.15
12.285	96.89
12.290	98.27
12.293	99.86
12.298	101.4
12.302	102.8
12.307	104.4
12.310	105.9
12.315	107.6
12.318	109.0
12.323	110.6
12.327	112.1
12.332	113.6
12.335	115.2
12.340	116.6
12.343	118.2
12.348	119.8
12.352	121.0
12.357	122.6
12.360	124.1
12.365	125.7
12.368	126.9
12.373	128.6
12.377	130.1
12.382	131.4
12.385	132.8
12.390	134.3
12.393	135.6
12.398	137.1
12.402	138.5
12.407	139.9
12.410	141.1
12.415	142.4
12.418	143.9
12.423	145.0
12.427	146.2
12.432	147.8
12.435	149.0
12.440	150.3
12.443	151.3
12.448	152.7
12.452	154.0
12.457	155.1
12.460	156.4
12.465	157.8
12.468	158.9
12.473	160.1
12.477	161.3
12.482	162.3
12.485	163.4
12.490	164.8
12.493	165.6
12.498	166.9
12.502	168.2
12.507	169.0
12.510	170.0
12.515	171.0
12.518	172.1
12.523	173.2
12.527	173.9
12.532	175.0
12.535	175.9
12.540	177.0
12.543	178.0
12.548	178.8
12.552	179.9
12.557	180.5
12.560	181.4
12.563	181.9
12.568	182.9
12.572	183.8
12.577	184.6
12.580	185.3
12.585	185.9
12.588	186.8
12.593	187.3
12.597	187.9
12.602	188.9
12.605	189.1
12.610	189.9
12.613	190.3
12.618	190.8
12.622	191.2
12.627	191.8
12.630	191.9
12.635	192.8
12.638	193.2
12.643	193.2
12.647	193.9
12.652	193.9
12.655	194.4
12.660	194.3
12.663	194.9
12.668	194.7
12.672	195.1
12.677	194.9
12.680	195.4
12.685	195.1
12.688	195.3
12.693	195.7
12.697	195.4
12.702	195.7
12.705	195.2
12.710	195.5
12.713	195.1
12.718	195.1
12.722	194.9
12.727	195.0
12.730	195.0
12.735	194.5
12.738	194.7
12.743	194.0
12.747	194.0
12.752	193.8
12.755	193.2
12.760	193.0
12.763	192.2
12.768	191.9
12.772	191.1
12.777	190.8
12.780	190.0
12.785	189.5
12.788	189.2
12.793	188.1
12.797	187.7
12.802	187.1
12.805	186.0
12.810	185.5
12.813	184.2
12.818	183.7
12.822	182.5
12.827	181.9
12.830	181.1
12.835	179.9
12.838	179.0
12.843	177.8
12.847	176.9
12.852	175.9
12.855	174.5
12.860	173.6
12.863	172.1
12.868	171.0
12.872	170.0
12.877	168.3
12.880	167.0
12.885	165.9
12.888	164.2
12.893	163.0
12.897	161.0
12.902	159.9
12.905	158.4
12.910	156.9
12.913	155.0
12.918	153.8
12.922	152.1
12.927	150.2
12.930	148.7
12.935	147.0
12.938	145.0
12.943	143.4
12.947	141.8
12.952	140.1
12.955	137.9
12.960	136.0
12.963	134.5
12.968	132.6
12.972	130.1
12.977	128.3
12.980	126.6
12.985	124.9
12.988	122.9
12.993	121.0
12.997	118.7
13.002	116.6
13.005	114.9
13.010	112.9
13.013	110.8
13.018	108.9
13.022	106.7
13.027	104.1
13.030	101.9
13.035	99.91
13.038	97.92
13.043	95.83
13.047	93.53
13.052	91.18
13.055	89.04
13.060	86.87
13.063	84.79
13.068	82.49
13.072	80.21
13.077	77.98
13.080	75.76
13.085	73.36
13.088	70.93
13.093	68.74
13.097	66.31
13.102	63.95
13.105	61.60
13.108	59.27
13.113	56.80
13.117	54.49
13.122	52.09
13.125	49.79
13.130	47.35
13.133	44.94
13.138	42.53
13.142	40.24
13.147	37.85
13.150	35.42
13.155	32.97
13.158	30.95
13.163	28.64
13.167	26.19
13.172	23.91
13.175	21.36
13.180	19.06
13.183	17.02
13.188	14.83
13.192	12.45
13.197	10.00
13.200	7.976
13.205	5.749
13.208	3.483
13.213	1.040
13.217	-0.933
13.222	-3.099
13.225	-5.386
13.230	-7.350
13.233	-9.437
13.238	-11.62
13.242	-13.99
13.247	-15.91
13.250	-18.02
13.255	-20.04
13.258	-21.99
13.263	-24.02
13.267	-25.96
13.272	-28.04
13.275	-30.00
13.280	-31.92
13.283	-33.93
13.288	-35.98
13.292	-37.64
13.297	-39.64
13.300	-41.27
13.305	-43.07
13.308	-44.76
13.313	-46.76
13.317	-48.59
13.322	-50.19
13.325	-51.92
13.330	-53.44
13.333	-55.09
13.338	-56.49
13.342	-58.12
13.347	-59.78
13.350	-61.18
13.355	-62.81
13.358	-64.18
13.363	-65.81
13.367	-67.16
13.372	-68.52
13.375	-70.06
13.380	-71.28
13.383	-72.62
13.388	-74.02
13.392	-75.26
13.397	-76.36
13.400	-77.63
13.405	-78.93
13.408	-80.07
13.413	-81.13
13.417	-82.29
13.422	-83.23
13.425	-84.26
13.430	-85.20
13.433	-86.21
13.438	-87.18
13.442	-88.14
13.447	-89.05
13.450	-90.07
13.455	-90.97
13.458	-91.84
13.463	-92.80
13.467	-93.71
13.472	-94.37
13.475	-95.12
13.480	-96.02
13.483	-96.79
13.488	-97.29
13.492	-98.03
13.497	-98.82
13.500	-99.43
13.505	-99.85
13.508	-100.7
13.513	-101.1
13.517	-101.5
13.522	-102.0
13.525	-102.3
13.530	-103.0
13.533	-103.0
13.538	-103.1
13.542	-104.0
13.547	-103.9
13.550	-104.2
13.555	-104.3
13.558	-104.8
13.563	-105.0
13.567	-105.1
13.572	-105.1
13.575	-105.3
13.580	-105.1
13.583	-105.4
13.588	-105.2
13.592	-105.3
13.597	-105.2
13.600	-105.2
13.605	-105.1
13.608	-105.1
13.613	-105.0
13.617	-105.0
13.622	-104.8
13.625	-104.9
13.630	-104.5
13.633	-104.4
13.638	-104.0
13.642	-103.9
13.647	-103.8
13.650	-103.3
13.653	-103.2
13.658	-102.5
13.662	-102.6
13.667	-102.4
13.670	-101.8
13.675	-101.6
13.678	-101.0
13.683	-100.6
13.687	-100.1
13.692	-99.84
13.695	-99.42
13.700	-98.41
13.703	-98.00
13.708	-97.33
13.712	-96.88
13.717	-96.43
13.720	-95.54
13.725	-94.98
13.728	-94.40
13.733	-93.57
13.737	-93.07
13.742	-92.39
13.745	-91.46
13.750	-90.83
13.753	-90.14
13.758	-89.19
13.762	-88.52
13.767	-87.92
13.770	-87.15
13.775	-86.09
13.778	-85.25
13.783	-84.50
13.787	-83.39
13.792	-82.34
13.795	-81.73
13.800	-80.87
13.803	-79.70
13.808	-78.97
13.812	-78.01
13.817	-77.16
13.820	-75.98
13.825	-75.03
13.828	-74.05
13.833	-73.09
13.837	-72.13
13.842	-70.96
13.845	-70.02
13.850	-68.90
13.853	-67.99
13.858	-66.85
13.862	-65.76
13.867	-64.61
13.870	-63.65
13.875	-62.59
13.878	-61.79
13.883	-60.30
13.887	-58.93
13.892	-57.96
13.895	-56.82
13.900	-55.53
13.903	-54.75
13.908	-53.53
13.912	-52.43
13.917	-51.17
13.920	-49.98
13.925	-48.30
13.928	-46.95
13.933	-45.88
13.937	-44.71
13.942	-43.46
13.945	-42.09
13.950	-40.90
13.953	-39.56
13.958	-38.24
13.962	-36.99
13.967	-35.72
13.970	-34.50
13.975	-33.05
13.978	-31.68
13.983	-30.49
13.987	-28.96
13.992	-27.09
13.995	-25.88
14.000	-24.30
14.003	-23.03
14.008	-21.60
14.012	-20.11
14.017	-18.91
14.020	-17.68
14.025	-16.04
14.028	-14.59
14.033	-13.12
14.037	-11.75
14.042	-10.48
14.045	-8.932
14.050	-7.333
14.053	-5.890
14.058	-4.100
14.062	-2.683
14.067	-1.161
14.070	0.185
14.075	1.726
14.078	3.251
14.083	4.863
14.087	6.256
14.092	8.005
14.095	9.375
14.100	10.98
14.103	12.62
14.108	14.13
14.112	15.86
14.117	17.30
14.120	18.85
14.125	20.03
14.128	21.71
14.133	23.15
14.137	24.87
14.142	26.67
14.145	28.10
14.150	29.78
14.153	31.22
14.158	33.01
14.162	34.43
14.167	35.59
14.170	37.34
14.175	38.91
14.178	40.74
14.183	42.18
14.187	43.75
14.190	45.31
14.195	46.91
14.198	48.12
14.203	49.77
14.207	51.46
14.212	53.05
14.215	54.77
14.220	56.19
14.223	57.36
14.228	59.03
14.232	60.55
14.237	62.18
14.240	63.80
14.245	65.46
14.248	66.75
14.253	68.21
14.257	69.85
14.262	71.60
14.265	73.13
14.270	74.56
14.273	76.31
14.278	77.73
14.282	79.49
14.287	81.02
14.290	82.55
14.295	84.25
14.298	85.82
14.303	87.32
14.307	88.86
14.312	90.26
14.315	91.89
14.320	93.30
14.323	94.89
14.328	96.32
14.332	97.95
14.337	99.37
14.340	100.9
14.345	102.3
14.348	103.9
14.353	105.3
14.357	106.7
14.362	108.4
14.365	109.8
14.370	111.0
14.373	112.4
14.378	113.9
14.382	115.3
14.387	116.8
14.390	118.3
14.395	119.5
14.398	121.0
14.403	122.5
14.407	123.9
14.412	125.2
14.415	126.7
14.420	128.1
14.423	129.3
14.428	130.7
14.432	132.1
14.437	133.3
14.440	134.9
14.445	136.1
14.448	137.2
14.453	138.6
14.457	140.1
14.462	141.1
14.465	142.5
14.470	143.8
14.473	144.8
14.478	146.1
14.482	147.4
14.487	148.6
14.490	149.8
14.495	151.0
14.498	152.1
14.503	153.1
14.507	154.6
14.512	155.6
14.515	157.0
14.520	157.9
14.523	159.0
14.528	160.2
14.532	161.1
14.537	162.1
14.540	163.3
14.545	164.0
14.548	165.1
14.553	166.0
14.557	167.0
14.562	168.1
14.565	169.0
14.570	170.0
14.573	171.0
14.578	171.8
14.582	172.9
14.587	173.7
14.590	174.8
14.595	175.6
14.598	176.3
14.603	177.1
14.607	177.8
14.612	178.8
14.615	179.6
14.620	180.1
14.623	180.9
14.628	181.5
14.632	182.1
14.637	183.0
14.640	183.2
14.645	184.0
14.648	184.4
14.653	185.0
14.657	185.3
14.662	185.9
14.665	186.2
14.670	186.8
14.673	187.1
14.678	187.5
14.682	188.0
14.687	188.1
14.690	188.6
14.695	188.9
14.698	189.3
14.703	189.2
14.707	189.5
14.712	190.0
14.715	190.0
14.720	190.2
14.723	190.0
14.727	190.2
14.732	190.3
14.735	190.1
14.740	190.2
14.743	190.0
14.748	190.0
14.752	189.8
14.757	190.0
14.760	189.9
14.765	189.6
14.768	189.7
14.773	189.2
14.777	189.0
14.782	188.6
14.785	188.5
14.790	188.0
14.793	187.7
14.798	187.2
14.802	186.7
14.807	186.6
14.810	186.0
14.815	185.3
14.818	184.9
14.823	184.1
14.827	183.8
14.832	182.9
14.835	182.2
14.840	181.2
14.843	180.8
14.848	180.1
14.852	179.0
14.857	178.3
14.860	177.1
14.865	176.4
14.868	175.1
14.873	174.2
14.877	173.4
14.882	172.1
14.885	171.1
14.890	170.1
14.893	168.8
14.898	167.9
14.902	166.3
14.907	165.3
14.910	164.2
14.915	162.8
14.918	161.6
14.923	160.6
14.927	159.0
14.932	157.9
14.935	156.7
14.940	154.9
14.943	153.9
14.948	152.3
14.952	150.3
14.957	149.0
14.960	147.6
14.965	146.1
14.968	144.1
14.973	142.8
14.977	141.2
14.982	139.0
14.985	137.4
14.990	135.9
14.993	134.1
14.998	132.0
15.002	130.4
15.007	128.7
15.010	127.0
15.015	125.2
15.018	122.9
15.023	121.1
15.027	119.1
15.032	117.6
15.035	115.7
15.040	113.9
15.043	111.9
15.048	109.6
15.052	107.7
15.057	105.9
15.060	103.9
15.065	101.9
15.068	99.84
15.073	97.92
15.077	95.78
15.082	93.82
15.085	91.86
15.090	89.61
15.093	87.03
15.098	84.97
15.102	82.81
15.107	80.59
15.110	78.46
15.115	76.13
15.118	73.96
15.123	71.66
15.127	69.77
15.132	67.20
15.135	64.96
15.140	62.80
15.143	60.51
15.148	58.09
15.152	56.05
15.157	53.67
15.160	51.34
15.165	49.01
15.168	46.76
15.173	44.66
15.177	42.11
15.182	39.91
15.185	37.86
15.190	35.86
15.193	33.66
15.198	31.15
15.202	28.97
15.207	26.69
15.210	24.98
15.215	22.44
15.218	20.05
15.223	17.93
15.227	15.72
15.232	13.93
15.235	11.63
15.240	9.629
15.243	7.168
15.248	4.955
15.252	3.003
15.257	0.955
15.260	-1.212
15.263	-3.308
15.268	-5.080
15.272	-7.138
15.277	-9.556
15.280	-11.23
15.285	-13.20
15.288	-15.29
15.293	-17.06
15.297	-19.06
15.302	-21.13
15.305	-23.04
15.310	-24.96
15.313	-26.81
15.318	-28.80
15.322	-30.71
15.327	-32.78
15.330	-34.57
15.335	-36.43
15.338	-38.02
15.343	-39.95
15.347	-41.83
15.352	-43.33
15.355	-45.07
15.360	-46.91
15.363	-48.55
15.368	-50.14
15.372	-51.71
15.377	-53.48
15.380	-54.90
15.385	-56.39
15.388	-57.96
15.393	-59.17
15.397	-60.78
15.402	-62.04
15.405	-63.67
15.410	-64.93
15.413	-66.20
15.418	-67.72
15.422	-69.03
15.427	-70.10
15.430	-71.51
15.435	-72.49
15.438	-73.91
15.443	-74.96
15.447	-76.13
15.452	-77.16
15.455	-78.17
15.460	-79.09
15.463	-80.33
15.468	-81.17
15.472	-82.06
15.477	-83.02
15.480	-84.02
15.485	-84.82
15.488	-85.88
15.493	-86.83
15.497	-87.74
15.502	-88.38
15.505	-89.11
15.510	-89.87
15.513	-90.64
15.518	-91.28
15.522	-92.01
15.527	-92.73
15.530	-93.22
15.535	-93.85
15.538	-94.50
15.543	-94.96
15.547	-95.34
15.552	-95.91
15.555	-96.16
15.560	-96.82
15.563	-97.02
15.568	-97.60
15.572	-97.97
15.577	-98.33
15.580	-98.57
15.585	-98.98
15.588	-99.14
15.593	-99.40
15.597	-99.64
15.602	-100.0
15.605	-100.0
15.610	-100.2
15.613	-100.4
15.618	-100.3
15.622	-100.4
15.627	-100.3
15.630	-100.2
15.635	-100.2
15.638	-100.2
15.643	-100.1
15.647	-100.1
15.652	-100.1
15.655	-100.0
15.660	-100.0
15.663	-99.92
15.668	-99.79
15.672	-99.86
15.677	-99.60
15.680	-99.47
15.685	-99.06
15.688	-98.87
15.693	-98.67
15.697	-98.29
15.702	-97.98
15.705	-97.80
15.710	-97.21
15.713	-96.89
15.718	-96.73
15.722	-96.11
15.727	-95.75
15.730	-95.47
15.735	-94.72