	mass_B
t	x
1.885000E1	-2.808767E-2
2.066333E1	-3.644692E-2
2.069333E1	-3.610398E-2
2.069833E1	-3.713280E-2
2.070167E1	-3.713280E-2
2.070667E1	-3.713280E-2
2.071000E1	-3.713280E-2
2.072667E1	-3.713280E-2
2.073167E1	-3.713280E-2
2.073500E1	-3.644692E-2
2.074000E1	-3.610398E-2
2.074833E1	-3.610398E-2
2.075167E1	-3.610398E-2
2.075667E1	-3.576104E-2
2.076000E1	-3.507516E-2
2.076500E1	-3.507516E-2
2.076833E1	-3.438928E-2
2.077333E1	-3.404634E-2
2.077667E1	-3.370340E-2
2.078500E1	-3.370340E-2
2.079000E1	-3.301752E-2
2.079333E1	-3.267458E-2
2.079833E1	-3.233164E-2
2.080667E1	-3.164576E-2
2.081000E1	-3.130282E-2
2.081500E1	-3.061694E-2
2.081833E1	-2.958812E-2
2.082333E1	-2.890224E-2
2.082667E1	-2.890224E-2
2.083167E1	-2.821636E-2
2.083500E1	-2.821636E-2
2.084000E1	-2.787342E-2
2.084333E1	-2.684459E-2
2.084833E1	-2.650165E-2
2.085667E1	-2.547283E-2
2.086000E1	-2.512989E-2
2.086500E1	-2.478695E-2
2.086833E1	-2.410107E-2
2.087333E1	-2.375813E-2
2.087667E1	-2.272931E-2
2.088167E1	-2.272931E-2
2.088500E1	-2.204343E-2
2.089000E1	-2.135755E-2
2.089333E1	-2.101461E-2
2.089833E1	-2.032873E-2
2.090167E1	-1.964285E-2
2.091000E1	-1.895697E-2
2.091500E1	-1.792815E-2
2.091833E1	-1.724227E-2
2.092667E1	-1.621345E-2
2.093167E1	-1.552757E-2
2.093500E1	-1.484169E-2
2.094000E1	-1.381287E-2
2.094333E1	-1.278405E-2
2.094833E1	-1.209817E-2
2.095167E1	-1.072641E-2
2.095667E1	-1.038347E-2
2.096000E1	-9.697586E-3
2.096500E1	-9.011706E-3
2.096833E1	-7.982885E-3
2.097667E1	-6.268184E-3
2.098167E1	-5.239364E-3
2.098500E1	-3.867603E-3
2.099333E1	-2.495842E-3
2.099833E1	-1.809962E-3
2.100167E1	-1.124082E-3
2.100667E1	2.476790E-4
2.101000E1	9.335594E-4
2.101500E1	1.962380E-3
2.101833E1	3.677081E-3
2.102333E1	4.705901E-3
2.102667E1	5.734722E-3
2.103167E1	6.077662E-3
2.103500E1	8.135303E-3
2.104333E1	8.821183E-3
2.104833E1	1.087882E-2
2.105167E1	1.190764E-2
2.105667E1	1.225059E-2
2.106000E1	1.362235E-2
2.106500E1	1.499411E-2
2.106833E1	1.636587E-2
2.107333E1	1.739469E-2
2.107667E1	1.842351E-2
2.108167E1	1.945233E-2
2.108500E1	2.048115E-2
2.109000E1	2.116703E-2
2.109333E1	2.356761E-2
2.110167E1	2.665407E-2
2.111000E1	2.768289E-2
2.111500E1	2.939759E-2
2.111833E1	3.076935E-2
2.112333E1	3.179817E-2
2.112667E1	3.214112E-2
2.113167E1	3.316994E-2
2.113500E1	3.454170E-2
2.114000E1	3.557052E-2
2.114333E1	3.762816E-2
2.114833E1	3.865698E-2
2.115167E1	4.037168E-2
2.115667E1	4.174344E-2
2.116000E1	4.551578E-2
2.117333E1	4.723048E-2
2.117667E1	4.825930E-2
2.118167E1	5.031694E-2
2.118500E1	5.203165E-2
2.119000E1	5.408929E-2
2.119333E1	5.477517E-2
2.119833E1	5.546105E-2
2.120167E1	5.614693E-2
2.120667E1	5.751869E-2
2.121000E1	5.957633E-2
2.121500E1	6.060515E-2
2.121833E1	6.266279E-2
2.122333E1	6.643513E-2
2.123500E1	6.849277E-2
2.124000E1	7.020747E-2
2.124333E1	7.157923E-2
2.124833E1	7.329394E-2
2.125667E1	7.603746E-2
2.126000E1	7.740922E-2
2.126500E1	7.843804E-2
2.126833E1	8.083862E-2
2.127333E1	8.186744E-2
2.127667E1	8.289626E-2
2.128167E1	8.426802E-2
2.128500E1	8.598272E-2
2.129000E1	8.804036E-2
2.129333E1	9.009800E-2
2.129833E1	9.249859E-2
2.130667E1	9.318447E-2
2.131000E1	9.558505E-2
2.131500E1	9.764269E-2
2.131833E1	9.935739E-2
2.132333E1	1.010721E-1
2.132667E1	1.021009E-1
2.133167E1	1.041586E-1
2.133500E1	1.051874E-1
2.134000E1	1.065591E-1
2.134333E1	1.086168E-1
2.134833E1	1.120462E-1
2.136167E1	1.151326E-1
2.136500E1	1.168473E-1
2.137000E1	1.185620E-1
2.137333E1	1.195909E-1
2.137833E1	1.216485E-1
2.138167E1	1.233632E-1
2.138667E1	1.243920E-1
2.139000E1	1.257638E-1
2.139500E1	1.274785E-1
2.139833E1	1.291932E-1
2.140333E1	1.305649E-1
2.140667E1	1.322796E-1
2.141167E1	1.370808E-1
2.142333E1	1.411961E-1
2.143167E1	1.432537E-1
2.143667E1	1.446255E-1
2.144000E1	1.463402E-1
2.144500E1	1.480549E-1
2.144833E1	1.497696E-1
2.145333E1	1.521702E-1
2.145667E1	1.545708E-1
2.146167E1	1.555996E-1
2.146500E1	1.566284E-1
2.147000E1	1.580002E-1
2.147333E1	1.597149E-1
2.147833E1	1.652019E-1
2.149000E1	1.665737E-1
2.149500E1	1.682884E-1
2.149833E1	1.703460E-1
2.150333E1	1.727466E-1
2.151167E1	1.751472E-1
2.151500E1	1.765189E-1
2.152000E1	1.782336E-1
2.152333E1	1.799483E-1
2.152833E1	1.823489E-1
2.153167E1	1.830348E-1
2.153667E1	1.847495E-1
2.154000E1	1.861213E-1
2.154500E1	1.895507E-1
2.155667E1	1.929801E-1
2.156167E1	1.940089E-1
2.156500E1	1.964095E-1
2.157000E1	1.981242E-1
2.157833E1	2.005247E-1
2.158167E1	2.022394E-1
2.158667E1	2.039541E-1
2.159000E1	2.049830E-1
2.159500E1	2.063547E-1
2.159833E1	2.077265E-1
2.160333E1	2.087553E-1
2.160667E1	2.111559E-1
2.161167E1	2.135565E-1
2.161500E1	2.159570E-1
2.162333E1	2.187006E-1
2.162833E1	2.207582E-1
2.163167E1	2.224729E-1
2.163667E1	2.238447E-1
2.164000E1	2.238447E-1
2.164500E1	2.252164E-1
2.164833E1	2.272741E-1
2.165333E1	2.300176E-1
2.165667E1	2.317323E-1
2.166167E1	2.341329E-1
2.166500E1	2.355046E-1
2.167000E1	2.392770E-1
2.168167E1	2.413346E-1
2.168667E1	2.430493E-1
2.169000E1	2.444211E-1
2.169500E1	2.457928E-1
2.169833E1	2.471646E-1
2.170333E1	2.485364E-1
2.170667E1	2.502511E-1
2.171167E1	2.523087E-1
2.171500E1	2.533375E-1
2.172000E1	2.543663E-1
2.172333E1	2.557381E-1
2.172833E1	2.574528E-1
2.173167E1	2.601963E-1
2.174000E1	2.622540E-1
2.174500E1	2.639687E-1
2.175333E1	2.656834E-1
2.175667E1	2.684269E-1
2.176167E1	2.694557E-1
2.176500E1	2.715134E-1
2.177000E1	2.735710E-1
2.177333E1	2.742569E-1
2.177833E1	2.756286E-1
2.178167E1	2.763145E-1
2.178667E1	2.770004E-1
2.179000E1	2.794010E-1
2.179500E1	2.821445E-1
2.180333E1	2.859168E-1
2.181167E1	2.883174E-1
2.181500E1	2.896892E-1
2.182000E1	2.914039E-1
2.182333E1	2.924327E-1
2.182833E1	2.927756E-1
2.183167E1	2.938045E-1
2.183667E1	2.951762E-1
2.184000E1	2.965480E-1
2.184500E1	2.982627E-1
2.184833E1	2.989486E-1
2.185333E1	2.999774E-1
2.185667E1	3.016921E-1
2.186167E1	3.040927E-1
2.187000E1	3.054644E-1
2.187333E1	3.082080E-1
2.188167E1	3.095797E-1
2.188667E1	3.112944E-1
2.189000E1	3.133521E-1
2.189500E1	3.154097E-1
2.189833E1	3.160956E-1
2.190333E1	3.174673E-1
2.190667E1	3.188391E-1
2.191167E1	3.191820E-1
2.191500E1	3.205538E-1
2.192000E1	3.219256E-1
2.192333E1	3.236403E-1
2.192833E1	3.267267E-1
2.194500E1	3.287844E-1
2.194833E1	3.304991E-1
2.195333E1	3.322138E-1
2.195667E1	3.322138E-1
2.196167E1	3.335855E-1
2.196500E1	3.342714E-1
2.197000E1	3.363290E-1
2.197333E1	3.373579E-1
2.197833E1	3.380437E-1
2.198167E1	3.383867E-1
2.198667E1	3.394155E-1
2.199000E1	3.404443E-1
2.199500E1	3.418161E-1
2.199833E1	3.428449E-1
2.200833E1	3.442167E-1
2.201167E1	3.449026E-1
2.201667E1	3.459314E-1
2.202000E1	3.473031E-1
2.202500E1	3.479890E-1
2.202833E1	3.490178E-1
2.203333E1	3.503896E-1
2.203667E1	3.514184E-1
2.204167E1	3.527902E-1
2.204500E1	3.534761E-1
2.205000E1	3.545049E-1
2.205333E1	3.562196E-1
2.206167E1	3.582772E-1
2.206667E1	3.603349E-1
2.207500E1	3.606778E-1
2.207833E1	3.620496E-1
2.208333E1	3.623925E-1
2.208667E1	3.627354E-1
2.209167E1	3.630784E-1
2.209500E1	3.641072E-1
2.210000E1	3.644501E-1
2.210333E1	3.647931E-1
2.210833E1	3.661648E-1
2.211167E1	3.668507E-1
2.211667E1	3.678795E-1
2.212000E1	3.692513E-1
2.212833E1	3.699372E-1
2.213333E1	3.709660E-1
2.213667E1	3.713089E-1
2.214167E1	3.716519E-1
2.214500E1	3.726807E-1
2.215000E1	3.730236E-1
2.215333E1	3.733666E-1
2.215833E1	3.743954E-1
2.216167E1	3.750813E-1
2.216667E1	3.757672E-1
2.217000E1	3.767960E-1
2.217500E1	3.771389E-1
2.217833E1	3.781677E-1
2.218333E1	3.785107E-1
2.219167E1	3.795395E-1
2.219500E1	3.802254E-1
2.220333E1	3.809113E-1
2.220833E1	3.815972E-1
2.221167E1	3.829689E-1
2.221667E1	3.836548E-1
2.222000E1	3.839977E-1
2.222500E1	3.846836E-1
2.222833E1	3.850266E-1
2.223333E1	3.853695E-1
2.223667E1	3.857124E-1
2.224167E1	3.863983E-1
2.224500E1	3.863983E-1
2.225000E1	3.867413E-1
2.225833E1	3.874271E-1
2.226167E1	3.874271E-1
2.226667E1	3.877701E-1
2.227000E1	3.884560E-1
2.227500E1	3.887989E-1
2.227833E1	3.894848E-1
2.228333E1	3.894848E-1
2.228667E1	3.898277E-1
2.229167E1	3.901707E-1
2.229500E1	3.905136E-1
2.230000E1	3.908565E-1
2.230333E1	3.908565E-1
2.230833E1	3.905136E-1
2.231667E1	3.911995E-1
2.232500E1	3.918854E-1
2.232833E1	3.922283E-1
2.233333E1	3.922283E-1
2.233667E1	3.922283E-1
2.234167E1	3.925712E-1
2.234500E1	3.929142E-1
2.235000E1	3.929142E-1
2.235333E1	3.929142E-1
2.235833E1	3.932571E-1
2.236167E1	3.932571E-1
2.236667E1	3.936001E-1
2.237000E1	3.936001E-1
2.237500E1	3.936001E-1
2.238667E1	3.936001E-1
2.239167E1	3.936001E-1
2.239500E1	3.936001E-1
2.240000E1	3.936001E-1
2.240333E1	3.932571E-1
2.240833E1	3.929142E-1
2.241167E1	3.925712E-1
2.241667E1	3.925712E-1
2.242000E1	3.922283E-1
2.242500E1	3.922283E-1
2.242833E1	3.922283E-1
2.243333E1	3.922283E-1
2.243667E1	3.922283E-1
2.244167E1	3.922283E-1
2.245000E1	3.918854E-1
2.245333E1	3.915424E-1
2.245833E1	3.915424E-1
2.246167E1	3.911995E-1
2.246667E1	3.908565E-1
2.247000E1	3.908565E-1
2.247500E1	3.905136E-1
2.247833E1	3.901707E-1
2.248333E1	3.901707E-1
2.248667E1	3.901707E-1
2.249167E1	3.898277E-1
2.249500E1	3.894848E-1
2.250000E1	3.887989E-1
2.250833E1	3.881130E-1
2.251167E1	3.870842E-1
2.252000E1	3.867413E-1
2.252500E1	3.863983E-1
2.252833E1	3.860554E-1
2.253333E1	3.857124E-1
2.253667E1	3.853695E-1
2.254167E1	3.853695E-1
2.254500E1	3.846836E-1
2.255000E1	3.836548E-1
2.255333E1	3.826260E-1
2.255833E1	3.826260E-1
2.256167E1	3.819401E-1
2.257000E1	3.812542E-1
2.257833E1	3.805683E-1
2.258333E1	3.798824E-1
2.258667E1	3.798824E-1
2.259167E1	3.791966E-1
2.259500E1	3.788536E-1
2.260000E1	3.781677E-1
2.260333E1	3.778248E-1
2.260833E1	3.774819E-1
2.261167E1	3.764530E-1
2.261667E1	3.754242E-1
2.262000E1	3.750813E-1
2.262500E1	3.743954E-1
2.262833E1	3.726807E-1
2.264167E1	3.719948E-1
2.264500E1	3.713089E-1
2.265000E1	3.709660E-1
2.265500E1	3.692513E-1
2.266333E1	3.685654E-1
2.266667E1	3.671937E-1
2.267167E1	3.658219E-1
2.267500E1	3.658219E-1
2.268000E1	3.654790E-1
2.268333E1	3.641072E-1
2.268833E1	3.630784E-1
2.269167E1	3.623925E-1
2.269667E1	3.603349E-1
2.270833E1	3.589631E-1
2.271333E1	3.579343E-1
2.271667E1	3.572484E-1
2.272167E1	3.565625E-1
2.273000E1	3.551908E-1
2.273333E1	3.534761E-1
2.273833E1	3.527902E-1
2.274167E1	3.521043E-1
2.274667E1	3.517614E-1
2.275000E1	3.507325E-1
2.275500E1	3.490178E-1
2.275833E1	3.476461E-1
2.276333E1	3.473031E-1
2.276667E1	3.466173E-1
2.277167E1	3.445596E-1
2.278000E1	3.438737E-1
2.278333E1	3.421590E-1
2.278833E1	3.414732E-1
2.279167E1	3.394155E-1
2.279667E1	3.390726E-1
2.280000E1	3.383867E-1
2.280500E1	3.366720E-1
2.280833E1	3.356432E-1
2.281333E1	3.349573E-1
2.281667E1	3.342714E-1
2.282167E1	3.322138E-1
2.283000E1	3.298132E-1
2.283833E1	3.284414E-1
2.284167E1	3.274126E-1
2.284667E1	3.256979E-1
2.285000E1	3.250120E-1
2.285500E1	3.243261E-1
2.285833E1	3.232973E-1
2.286333E1	3.222685E-1
2.286667E1	3.212397E-1
2.287167E1	3.198679E-1
2.287500E1	3.188391E-1
2.288000E1	3.174673E-1
2.288333E1	3.150668E-1
2.289167E1	3.136950E-1
2.289667E1	3.116374E-1
2.290500E1	3.095797E-1
2.290833E1	3.088938E-1
2.291333E1	3.078650E-1
2.291667E1	3.068362E-1
2.292167E1	3.051215E-1
2.292500E1	3.030639E-1
2.293000E1	3.016921E-1
2.293333E1	3.006633E-1
2.293833E1	2.992915E-1
2.294167E1	2.975768E-1
2.294667E1	2.962050E-1
2.295500E1	2.941474E-1
2.295833E1	2.920898E-1
2.296667E1	2.896892E-1
2.297167E1	2.886604E-1
2.297500E1	2.866027E-1
2.298000E1	2.845451E-1
2.298333E1	2.838592E-1
2.298833E1	2.824874E-1
2.299167E1	2.811157E-1
2.299667E1	2.800869E-1
2.300000E1	2.783722E-1
2.300500E1	2.773433E-1
2.300833E1	2.756286E-1
2.301333E1	2.708275E-1
2.303000E1	2.680840E-1
2.303333E1	2.663693E-1
2.303833E1	2.649975E-1
2.304167E1	2.622540E-1
2.305000E1	2.595104E-1
2.305500E1	2.581387E-1
2.305833E1	2.574528E-1
2.306333E1	2.564240E-1
2.306667E1	2.550522E-1
2.307167E1	2.533375E-1
2.307500E1	2.516228E-1
2.308000E1	2.502511E-1
2.308333E1	2.492222E-1
2.308833E1	2.454499E-1
2.309667E1	2.440781E-1
2.310000E1	2.423634E-1
2.310500E1	2.413346E-1
2.310833E1	2.396199E-1
2.311333E1	2.385911E-1
2.311667E1	2.372193E-1
2.312167E1	2.358476E-1
2.312500E1	2.334470E-1
2.313000E1	2.317323E-1
2.313333E1	2.296747E-1
2.313833E1	2.265882E-1
2.315000E1	2.224729E-1
2.315833E1	2.211011E-1
2.316333E1	2.193864E-1
2.316667E1	2.163000E-1
2.317500E1	2.135565E-1
2.318000E1	2.125276E-1
2.318333E1	2.108129E-1
2.318833E1	2.094412E-1
2.319167E1	2.077265E-1
2.319667E1	2.053259E-1
2.320000E1	2.029253E-1
2.320500E1	2.018965E-1
2.320833E1	2.005247E-1
2.321333E1	1.994959E-1
2.321667E1	1.960665E-1
2.322500E1	1.940089E-1
2.323000E1	1.926371E-1
2.323333E1	1.912654E-1
2.323833E1	1.888648E-1
2.324167E1	1.864642E-1
2.324667E1	1.844066E-1
2.325000E1	1.830348E-1
2.325500E1	1.816630E-1
2.325833E1	1.806342E-1
2.326333E1	1.792624E-1
2.326667E1	1.778907E-1
2.327167E1	1.754901E-1
2.328000E1	1.730895E-1
2.328333E1	1.710319E-1
2.328833E1	1.676025E-1
2.329667E1	1.648590E-1
2.330167E1	1.634872E-1
2.330500E1	1.617725E-1
2.331000E1	1.607437E-1
2.331333E1	1.597149E-1
2.331833E1	1.576572E-1
2.332167E1	1.562855E-1
2.332667E1	1.545708E-1
2.333000E1	1.525131E-1
2.333500E1	1.507984E-1
2.333833E1	1.494267E-1
2.334333E1	1.473690E-1
2.334667E1	1.453114E-1
2.335500E1	1.425679E-1
2.336000E1	1.405102E-1
2.336333E1	1.391384E-1
2.336833E1	1.377667E-1
2.337167E1	1.360520E-1
2.337667E1	1.336514E-1
2.338000E1	1.322796E-1
2.338500E1	1.312508E-1
2.338833E1	1.302220E-1
2.339333E1	1.285073E-1
2.339667E1	1.264497E-1
2.340167E1	1.237061E-1
2.341000E1	1.209626E-1
2.341333E1	1.192479E-1
2.341833E1	1.178762E-1
2.342167E1	1.161615E-1
2.342667E1	1.147897E-1
2.343000E1	1.141038E-1
2.343500E1	1.120462E-1
2.343833E1	1.106744E-1
2.344333E1	1.089597E-1
2.344667E1	1.065591E-1
2.345167E1	1.055303E-1
2.345500E1	1.038156E-1
2.346000E1	1.021009E-1
2.346833E1	9.935739E-2
2.347167E1	9.695681E-2
2.348000E1	9.455623E-2
2.348500E1	9.249859E-2
2.348833E1	9.112682E-2
2.349333E1	8.941212E-2
2.349667E1	8.804036E-2
2.350167E1	8.701154E-2
2.350500E1	8.529684E-2
2.351000E1	8.358214E-2
2.351333E1	8.186744E-2
2.351833E1	7.912392E-2
2.352167E1	7.809510E-2
2.352667E1	7.603746E-2
2.353500E1	7.329394E-2
2.354333E1	7.020747E-2
2.354667E1	6.883571E-2
2.355167E1	6.780689E-2
2.355500E1	6.677807E-2
2.356000E1	6.540631E-2
2.356333E1	6.369161E-2
2.356833E1	6.163397E-2
2.357167E1	5.923339E-2
2.357667E1	5.854751E-2
2.358000E1	5.751869E-2
2.358500E1	5.614693E-2
2.358833E1	5.374635E-2
2.359333E1	4.894518E-2
2.360500E1	4.757342E-2
2.361000E1	4.620166E-2
2.361333E1	4.482990E-2
2.361833E1	4.311520E-2
2.362167E1	4.140050E-2
2.362667E1	4.002874E-2
2.363000E1	3.899992E-2
2.363500E1	3.797110E-2
2.363833E1	3.659934E-2
2.364333E1	3.591346E-2
2.364667E1	3.488464E-2
2.365167E1	3.214112E-2
2.365500E1	2.802583E-2
2.366833E1	2.699701E-2
2.367167E1	2.493937E-2
2.367667E1	2.356761E-2
2.368000E1	2.116703E-2
2.368833E1	2.048115E-2
2.369333E1	1.876645E-2
2.369667E1	1.773763E-2
2.370167E1	1.670881E-2
2.370500E1	1.533705E-2
2.371000E1	1.430823E-2
2.371333E1	1.362235E-2
2.371833E1	1.087882E-2
2.372167E1	9.850004E-3
2.372667E1	8.478243E-3
2.373000E1	6.763542E-3
2.373833E1	5.391782E-3
2.374333E1	4.705901E-3
2.374667E1	3.334141E-3
2.375167E1	1.276500E-3
2.375500E1	1.276500E-3
2.376000E1	-4.382013E-4
2.376333E1	-1.809962E-3
2.376833E1	-2.495842E-3
2.377167E1	-3.867603E-3
2.377667E1	-5.239364E-3
2.378000E1	-5.582304E-3
2.378833E1	-7.982885E-3
2.379667E1	-9.697586E-3
2.380167E1	-1.106935E-2
2.380500E1	-1.209817E-2
2.381000E1	-1.312699E-2
2.381333E1	-1.346993E-2
2.381833E1	-1.381287E-2
2.382167E1	-1.518463E-2
2.382667E1	-1.621345E-2
2.383000E1	-1.689933E-2
2.383500E1	-1.724227E-2
2.383833E1	-1.792815E-2
2.384333E1	-1.827109E-2
2.384667E1	-2.032873E-2
2.385500E1	-2.204343E-2
2.386333E1	-2.272931E-2
2.386833E1	-2.341519E-2
2.387167E1	-2.478695E-2
2.387667E1	-2.478695E-2
2.388000E1	-2.581577E-2
2.388500E1	-2.615871E-2
2.388833E1	-2.650165E-2
2.389333E1	-2.718753E-2
2.389667E1	-2.821636E-2
2.390167E1	-2.855930E-2
2.390500E1	-2.958812E-2
2.391000E1	-2.958812E-2
2.391333E1	-3.130282E-2
2.392167E1	-3.233164E-2
2.392667E1	-3.267458E-2
2.393000E1	-3.404634E-2
2.393500E1	-3.541810E-2
2.393833E1	-3.541810E-2
2.394333E1	-3.541810E-2
2.394667E1	-3.576104E-2
2.395167E1	-3.576104E-2
2.395667E1	-3.644692E-2
2.396000E1	-3.678986E-2
2.396500E1	-3.747574E-2
2.396833E1	-3.781868E-2
2.397333E1	-3.850456E-2
2.398167E1	-4.021926E-2
2.399000E1	-4.056220E-2
2.399333E1	-4.090514E-2
2.399833E1	-4.090514E-2
2.400167E1	-4.090514E-2
2.400667E1	-4.090514E-2
2.401000E1	-4.090514E-2
2.401500E1	-4.193396E-2
2.401833E1	-4.261984E-2
2.402333E1	-4.330572E-2
2.402667E1	-4.364866E-2
2.403167E1	-4.364866E-2
2.403500E1	-4.364866E-2
2.404000E1	-4.364866E-2
2.404833E1	-4.364866E-2
2.405667E1	-4.364866E-2
2.406000E1	-4.399160E-2
2.406500E1	-4.399160E-2
2.406833E1	-4.399160E-2
2.407333E1	-4.399160E-2
2.407667E1	-4.399160E-2
2.408167E1	-4.399160E-2
2.408500E1	-4.399160E-2
2.409000E1	-4.399160E-2
2.409333E1	-4.399160E-2
2.409833E1	-4.399160E-2
2.410167E1	-4.399160E-2
2.410667E1	-4.399160E-2
2.411500E1	-4.399160E-2
2.411833E1	-4.399160E-2
2.412333E1	-4.399160E-2
2.412667E1	-4.399160E-2
2.413167E1	-4.399160E-2
2.413500E1	-4.399160E-2
2.414000E1	-4.399160E-2
2.414333E1	-4.399160E-2
2.414833E1	-4.399160E-2
2.415167E1	-4.399160E-2
2.415667E1	-4.364866E-2
2.416000E1	-4.261984E-2
2.416500E1	-4.227690E-2
2.417333E1	-4.159102E-2
2.418167E1	-4.090514E-2
2.418500E1	-4.021926E-2
2.419000E1	-3.919044E-2
2.419333E1	-3.884750E-2
2.419833E1	-4.090514E-2
2.420167E1	-3.987632E-2
2.420667E1	-3.884750E-2
2.421000E1	-4.021926E-2
2.421500E1	-3.953338E-2
2.421833E1	-3.850456E-2
2.422333E1	-3.781868E-2
2.422667E1	-3.713280E-2
2.423500E1	-3.713280E-2
2.424000E1	-3.576104E-2
2.424833E1	-3.644692E-2
2.425167E1	-3.507516E-2
2.425667E1	-3.404634E-2
2.426000E1	-3.336046E-2
2.426500E1	-3.233164E-2
2.426833E1	-3.198870E-2
2.427333E1	-3.164576E-2
2.427667E1	-3.164576E-2
2.428167E1	-3.095988E-2
2.428500E1	-3.061694E-2
2.429000E1	-3.027400E-2
2.429333E1	-2.821636E-2
2.430667E1	-2.787342E-2
2.431000E1	-2.581577E-2
2.431500E1	-2.581577E-2
2.431833E1	-2.512989E-2
2.432667E1	-2.444401E-2
