mass_A
t	x
3.9883333333333337	-44.863072295723214
4.0216666666666665	-45.694383287279834
4.055000000000001	-48.80461371185379
4.088333333333334	-53.776633351023406
4.121666666666667	-60.642200992512926
4.155	-69.97965359369766
4.1883333333333335	-81.09256146179621
4.221666666666667	-93.82091043188996
4.255	-108.22274749135909
4.288333333333334	-124.01158908580294
4.321666666666667	-140.69615276493494
4.355	-157.87226179056313
4.388333333333334	-175.6646970031549
4.421666666666667	-193.0243628239321
4.455	-209.48662508252562
4.488333333333333	-224.8980198362513
4.521666666666667	-238.79861404974645
4.555000000000001	-251.60680152563737
4.588333333333334	-262.5281859042841
4.621666666666667	-270.9487537746087
4.655	-276.9847558238033
4.6883333333333335	-280.42299304860074
4.721666666666667	-281.25475668613393
4.755	-279.478506920234
4.788333333333334	-274.8753861498819
4.821666666666667	-267.6053241887963
4.855	-258.47425304548017
4.888333333333334	-247.03138692934834
4.921666666666667	-233.7045212782249
4.955	-219.22155607406592
4.988333333333333	-203.77254252506748
5.021666666666667	-186.7811228647755
5.055000000000001	-169.6134228971847
5.088333333333334	-152.70947556849842
5.121666666666667	-135.77126729252302
5.155	-119.72610544938073
5.1883333333333335	-104.8911598711428
5.221666666666667	-91.07014716235096
5.255	-79.50631228834175
5.288333333333334	-69.61551743529299
5.321666666666667	-61.57106290124284
5.355	-55.49233519221957
5.388333333333334	-51.36345950257919
5.421666666666667	-49.54889324202247
5.455	-49.89558301665693
5.488333333333333	-52.62713107886066
5.521666666666667	-57.50258878511727
5.555000000000001	-63.9270053693225
5.588333333333334	-72.24882593917744
5.621666666666667	-82.5176368967434
5.655	-94.39603403279528
5.6883333333333335	-108.14854109227906
5.721666666666667	-123.29108633424346
5.755000000000001	-139.6173466249262
5.788333333333334	-156.42226064524925
5.821666666666667	-173.7151548729787
5.855	-190.80289673515807
5.888333333333334	-207.52223558076338
5.921666666666667	-222.74063467905205
5.955	-237.54358466477447
5.988333333333333	-250.32327894168452
6.023333333333333	-260.7633662272603
6.056666666666667	-269.3250775977862
6.090000000000001	-275.5703219783899
6.123333333333334	-279.2963019201311
6.156666666666667	-280.69315636879475
6.19	-279.71666070733465
6.223333333333334	-276.5816456781545
6.256666666666667	-270.7962865641107
6.29	-263.03111872181455
6.323333333333334	-252.81052779954268
6.356666666666667	-240.34235982162113
6.390000000000001	-227.0785106485564
6.423333333333334	-211.7133560569019
6.456666666666667	-195.43156034208425
6.49	-177.84563208440682
6.523333333333333	-160.9285268701151
6.5566666666666675	-144.72741287829172
6.590000000000001	-128.72557921906457
6.623333333333334	-113.45791100069607
6.656666666666667	-99.70195207391703
6.69	-87.54906928060024
6.723333333333334	-76.47275650209428
6.756666666666667	-67.54951459865208
6.79	-60.59811077714585
6.823333333333334	-55.61064019571427
6.856666666666667	-52.785588684025015
6.890000000000001	-52.21100717513343
6.923333333333334	-54.038377027391675
6.956666666666667	-57.862485666601174
6.99	-63.98679381659633
7.023333333333333	-72.46688333515328
7.0566666666666675	-82.74754888867983
7.090000000000001	-94.53062486926422
7.123333333333334	-107.80878126618501
7.156666666666667	-122.40905086356383
7.19	-137.51212440347774
7.223333333333334	-153.86552825014206
7.256666666666667	-170.72436091809965
7.29	-187.0788052076599
7.323333333333334	-203.22130582991042
7.356666666666667	-219.07708107040065
7.390000000000001	-233.31768178769738
7.423333333333334	-246.231616681589
7.456666666666667	-257.35703816583066
7.49	-266.2755976213218
7.523333333333333	-272.8338549433319
7.5566666666666675	-277.15144851414027
7.590000000000001	-278.9145811888508
7.623333333333334	-278.6219074196607
7.656666666666667	-275.80296201227395
7.69	-270.7715654646049
7.723333333333334	-263.64690572441725
7.756666666666667	-254.2831867367738
7.790000000000001	-242.85076506480493
7.823333333333334	-229.7977257068071
7.856666666666667	-214.994724097598
7.890000000000001	-199.33458356448045
7.923333333333334	-183.29659097283513
7.956666666666667	-166.79067675588124
7.99	-150.77695367899173
8.023333333333333	-134.69230620150034
8.056666666666667	-119.27403071979438
8.09	-105.21765496026615
8.123333333333333	-92.70216014995611
8.156666666666668	-81.56201298000099
8.190000000000001	-72.0200979396538
8.223333333333334	-64.65340325037096
8.258333333333335	-59.27176118930083
8.291666666666668	-56.14622025794711
8.325000000000001	-55.259424754833276
8.358333333333334	-56.776540151999484
8.391666666666667	-60.45032545773006
8.425	-66.0019828238436
8.458333333333334	-73.51547327722722
8.491666666666667	-83.14553118941194
8.525	-94.2467990017442
8.558333333333334	-107.82788852324137
8.591666666666667	-122.49296687798937
8.625	-137.27972417389833
8.658333333333333	-153.73607322511089
8.691666666666666	-170.19939418795838
8.725000000000001	-186.8669647943516
8.758333333333335	-202.82725518752363
8.791666666666668	-218.20826838923313
8.825000000000001	-232.3816469969929
8.858333333333334	-244.85199603767563
8.891666666666667	-255.68747555754533
8.925	-264.51265612430313
8.958333333333334	-270.80513760642066
8.991666666666667	-275.33328775168343
9.025	-277.3504016411196
9.058333333333334	-277.14515602028916
9.091666666666667	-274.5906811041086
9.125	-269.76745078024163
9.158333333333333	-262.8920716591773
9.191666666666666	-253.91212704311317
9.225000000000001	-242.82275026569067
9.258333333333335	-229.93582927515985
9.291666666666668	-215.94063192251468
9.325000000000001	-200.7909029139692
9.358333333333334	-185.06402090547596
9.391666666666667	-168.84638121947677
9.425	-152.96390292170452
9.458333333333334	-137.0927062180209
9.491666666666667	-122.45178900114922
9.525	-108.44709992671403
9.558333333333334	-95.76547356534684
9.591666666666667	-84.7077396486871
9.625	-75.4359388312094
9.658333333333333	-68.01175341586907
9.691666666666666	-62.69918343363247
9.725000000000001	-59.45776482553583
9.758333333333335	-58.44989309147445
9.791666666666668	-59.638408382305784
9.825000000000001	-62.75843956469134
9.858333333333334	-68.14471971498313
9.891666666666667	-75.40803681733132
9.925	-84.8029757468613
9.958333333333334	-95.88663924465698
9.991666666666667	-108.50119442884886
10.025	-122.71012066273602
10.058333333333334	-137.14703603859107
10.091666666666667	-153.06424625410654
10.125	-168.95004660040894
10.158333333333333	-184.91782568790745
10.191666666666668	-200.68594752389168
10.225000000000001	-215.65183047927417
10.258333333333335	-229.4114629506783
10.291666666666668	-241.60884057613373
10.325000000000001	-251.93303362634566
10.358333333333334	-260.3760227769348
10.391666666666667	-266.75464133735653
10.425	-270.7597994128323
10.458333333333334	-272.63086614357036
10.493333333333334	-272.3499059052244
10.526666666666667	-269.9875015359935
10.56	-265.6319337589375
10.593333333333334	-259.59428874040526
10.626666666666667	-251.635090282384
10.66	-241.86446744098203
10.693333333333333	-230.38224735303913
10.726666666666667	-217.49167121489472
10.760000000000002	-203.63662049030245
10.793333333333335	-188.6165409577847
10.826666666666668	-173.42459770739697
10.860000000000001	-158.04304298054768
10.893333333333334	-142.93733444428523
10.926666666666668	-128.00060272187125
10.96	-114.35942490979835
10.993333333333334	-101.55373371101678
11.026666666666667	-90.5481665286635
11.06	-80.69573072058722
11.093333333333334	-72.84126377927169
11.126666666666667	-66.80951566769727
11.16	-62.72538154818892
11.193333333333333	-60.76057710979103
11.226666666666667	-60.913897153078096
11.260000000000002	-63.35032281351789
11.293333333333335	-67.78103089830188
11.326666666666668	-74.24226190931427
11.360000000000001	-82.54678076645337
11.393333333333334	-92.7239169785621
11.426666666666668	-104.50623453324499
11.46	-117.48419100126091
11.493333333333334	-132.1845841498763
11.526666666666667	-146.68987553182887
11.56	-162.55017500455716
11.593333333333334	-177.6398697542706
11.626666666666667	-192.92848448212857
11.66	-207.6923146550098
11.693333333333333	-221.23893358553863
11.726666666666667	-233.7178484733666
11.760000000000002	-244.40015610113687
11.793333333333335	-253.36016605770033
11.826666666666668	-260.4552991272902
11.860000000000001	-265.3797457429148
11.893333333333334	-268.47227127840654
11.926666666666668	-269.3753508049658
11.96	-268.1423508444889
11.993333333333334	-264.6665008796503
12.026666666666667	-259.166441470024
12.06	-251.68739974559753
12.093333333333334	-242.58308539201494
12.126666666666667	-231.7123051252737
12.16	-219.44892960754515
12.193333333333333	-205.8653371082126
12.226666666666667	-191.4154866636975
12.260000000000002	-176.60561637558152
12.293333333333335	-161.28894415438748
12.326666666666668	-146.5403256200977
12.360000000000001	-131.7797101955327
12.393333333333334	-117.93949410230289
12.426666666666668	-105.02424703126053
12.46	-93.81770430636334
12.493333333333334	-83.83009053909223
12.526666666666667	-75.82778254778566
12.56	-69.6596470855684
12.593333333333334	-65.50314112754063
12.626666666666667	-63.2485667298796
12.66	-63.24919700596081
12.693333333333333	-65.50633255971889
12.728333333333333	-69.59951095440579
12.761666666666667	-75.62374689178773
12.795000000000002	-83.66119526369766
12.828333333333335	-93.3943019272291
12.861666666666668	-104.98636946225531
12.895000000000001	-117.46524077415347
12.928333333333335	-131.60046650144932
12.961666666666668	-146.42245425716214
12.995000000000001	-161.2985526910012
13.028333333333334	-176.52980329814397
13.061666666666667	-191.28939130544234
13.095	-205.56054491337375
13.128333333333334	-218.75363833395988
13.161666666666667	-230.65135813810127
13.195	-241.5440896494962
13.228333333333333	-250.58558241066066
13.261666666666667	-257.7484154854094
13.295000000000002	-262.9033513993331
13.328333333333335	-266.11173879561386
13.361666666666668	-267.0424458657944
13.395000000000001	-266.0523512820704
13.428333333333335	-263.0867379804694
13.461666666666668	-257.98641297850264
13.495000000000001	-251.09462570117046
13.528333333333334	-242.28833861500237
13.561666666666667	-231.63699140443117
13.595	-219.6702125801653
13.628333333333334	-206.84252655074403
13.661666666666667	-192.34639471943882
13.695	-177.85051535680145
13.728333333333333	-162.91311504169352
13.761666666666667	-148.50689601896875
13.795000000000002	-133.9987143103583
13.828333333333335	-120.65503346539867
13.861666666666668	-108.49241326645915
13.895000000000001	-97.04173739996355
13.928333333333335	-87.51682965455655
13.961666666666668	-79.4416984688146
13.995000000000001	-73.12947751119952
14.028333333333334	-68.65261226146879
14.061666666666667	-66.11302570868952
14.095	-65.58934064384005
14.128333333333334	-67.16712787681342
14.161666666666667	-70.70221842786754
14.195	-76.28223279553129
14.228333333333333	-83.63085629842067
14.261666666666667	-92.50144328091255
14.295000000000002	-103.2713229502051
14.328333333333335	-114.99420586904779
14.361666666666668	-128.56585633751433
14.395000000000001	-142.70322349056443
14.428333333333335	-157.19198172429526
14.461666666666668	-172.00652508629219
14.495000000000001	-186.63550289442776
14.528333333333334	-201.31873315003338
14.561666666666667	-214.75055165626657
14.595	-226.9913001725734
14.628333333333334	-237.80107176775851
14.661666666666667	-247.18179439483362
14.695	-254.5491883355296
14.728333333333333	-259.9705696021518
14.761666666666668	-263.40193934217666
14.795000000000002	-264.84010249364434
14.828333333333335	-264.1977872151366
14.861666666666668	-261.7652621295806
14.895000000000001	-257.296307528659
14.930000000000001	-250.59630297519374
14.963333333333335	-242.3115012661949
14.996666666666668	-232.33281512323856
15.030000000000001	-220.78293087140236
15.063333333333334	-208.0682623318354
15.096666666666668	-194.34286078962793
15.13	-180.34048417410463
15.163333333333334	-165.68663743615411
15.196666666666667	-151.4278215200199
15.23	-137.21462775562838
15.263333333333334	-123.89128182632646
15.296666666666667	-111.46449447632779
15.330000000000002	-100.36297160399795
15.363333333333335	-90.57541970153079
15.396666666666668	-82.57798256779773
15.430000000000001	-76.03908930347461
15.463333333333335	-71.58976298505735
15.496666666666668	-68.94475513543796
15.530000000000001	-68.38085423535995
15.563333333333334	-69.80493907337063
15.596666666666668	-73.08344248293565
15.63	-78.45754431099249
15.663333333333334	-85.61534892709699
15.696666666666667	-94.43383307619627
15.73	-105.01079001796279
15.763333333333334	-116.46950402926632
15.796666666666667	-129.82704287208873
15.830000000000002	-143.57364166084972
15.863333333333335	-157.5158113971558
15.896666666666668	-172.24701630942457
15.930000000000001	-186.81042698625504
15.963333333333335	-200.58928955609002
15.996666666666668	-213.7498348790739
16.03	-225.67543754786266
16.063333333333336	-236.53621073899188
16.096666666666668	-245.59436438300725
16.130000000000003	-252.86491870351875
16.163333333333334	-258.436230217094
16.19666666666667	-261.9354178993643
16.23	-263.4921976913159
16.263333333333335	-262.9450576889603
16.296666666666667	-260.51745880343685
16.330000000000002	-255.89620887077
16.363333333333333	-249.6368591203539
16.39666666666667	-241.55791487956168
16.43	-231.8399982989818
16.463333333333335	-220.65812598029459
16.496666666666666	-208.22672533894848
16.53	-194.97521647365596
16.563333333333336	-180.9414745371546
16.596666666666668	-166.68686366529846
16.630000000000003	-152.65403013760294
16.663333333333334	-139.04981496113157
16.69666666666667	-126.15856814802044
16.73	-114.11554000385433
16.763333333333335	-103.47483205700166
16.796666666666667	-93.90789703835986
16.830000000000005	-85.95706008332706
16.863333333333333	-79.76873236781091
16.89666666666667	-75.48741137577679
16.93	-72.96443038271411
16.963333333333335	-72.32596706719033
16.996666666666666	-73.77540341565202
17.03	-76.72105448982501
17.063333333333336	-81.65184231160208
17.096666666666668	-88.6184183410009
17.130000000000003	-97.22905218183138
17.165000000000003	-107.2582154698083
17.198333333333334	-118.63029346479306
17.23166666666667	-130.62362869726132
17.265	-143.88839694527735
17.298333333333336	-157.24473531949235
17.331666666666667	-171.27018293755418
17.365000000000002	-184.8857297803653
17.398333333333333	-198.22763585801363
17.43166666666667	-210.53652479042734
17.465	-221.79378185329625
17.498333333333335	-231.70266771818632
17.531666666666666	-240.027092163372
17.565	-246.7232176209219
17.598333333333333	-251.59850175521996
17.631666666666668	-254.4929510380054
17.665000000000003	-255.64806106404285
17.698333333333334	-254.9696014267626
17.73166666666667	-252.61173891837575
17.765	-248.56624775459824
17.798333333333336	-242.6534171768326
17.831666666666667	-234.70073759449878
17.865000000000002	-225.41807059887964
17.898333333333333	-215.08425500469832
17.93166666666667	-203.19631162520648
17.965	-190.66279742679762
17.998333333333335	-177.74790993422215
18.031666666666666	-164.3130782478123
18.065	-151.45090765217918
18.098333333333336	-138.82201681084655
18.131666666666668	-126.6794824236988
18.165000000000003	-115.59468032197901
18.198333333333334	-105.68049508069328
18.23166666666667	-96.94047953581008
18.265	-89.69711523974433
18.298333333333336	-84.08040036397426
18.331666666666667	-80.03472253829426
18.365000000000002	-77.77634980291225
18.398333333333333	-77.50260329330547
18.43166666666667	-78.92593187801765
18.465	-82.21421437891524
18.498333333333335	-87.30754021625273
18.531666666666666	-93.88452795104638
18.565	-102.20665580699301
18.598333333333336	-111.85957792311353
18.631666666666668	-122.57583998528685
18.665000000000003	-134.5094611827766
18.698333333333334	-146.59548680775004
18.73166666666667	-159.37503521071
18.765	-172.74641846090094
18.798333333333336	-185.5541422473533
18.831666666666667	-197.98313502214575
18.865000000000002	-209.37605570734922
18.898333333333333	-219.73324338865825
18.93166666666667	-229.0366321446898
18.965	-236.86538949119836
18.998333333333335	-243.36242685387498
19.031666666666666	-247.98571764192388
19.065	-250.78775210985964
19.098333333333336	-251.84305062640016
19.131666666666668	-251.0057406429525
19.165000000000003	-248.42930031323067
19.198333333333334	-244.07098021270286
19.23166666666667	-237.951882715853
19.265	-230.64409067458985
19.298333333333336	-221.73812953338575
19.331666666666667	-211.58427514964262
19.366666666666667	-200.64383300732277
19.400000000000002	-188.7419148669331
19.433333333333334	-176.4211688362234
19.46666666666667	-163.98138956937737
19.5	-151.46447892282288
19.533333333333335	-139.36454036850478
19.566666666666666	-127.5921084245332
19.6	-116.83151708975095
19.633333333333333	-106.86752889730474
19.666666666666668	-98.41094477370609
19.700000000000003	-91.27438206399017
19.733333333333334	-85.66235124370365
19.76666666666667	-81.63683339933561
19.8	-79.2449567827361
19.833333333333336	-78.74300075722988
19.866666666666667	-79.90742813281406
19.900000000000002	-82.86165121804498
19.933333333333334	-87.68198416671328
19.96666666666667	-94.18828160870817
20.0	-102.1762794307665
20.033333333333335	-111.5301386724775
20.066666666666666	-122.21720149388818
20.1	-133.5336122531756
20.133333333333333	-146.1492763409276
20.166666666666668	-158.4684068086258
20.200000000000003	-171.17782319727257
20.233333333333334	-183.6322224878203
20.26666666666667	-195.84557680525091
20.3	-207.53267707590817
20.333333333333336	-217.95393885737275
20.366666666666667	-227.4374487126878
20.400000000000002	-235.3961793675104
20.433333333333334	-241.8109122412152
20.46666666666667	-246.56043060453106
20.5	-249.561230280823
20.533333333333335	-250.75799977845992
20.566666666666666	-250.3215079118981
20.6	-248.06142380257376
20.633333333333336	-243.95226164582147
20.666666666666668	-238.72380549302358
20.700000000000003	-231.84196476068104
20.733333333333334	-223.65681827436435
20.76666666666667	-214.24800198104379
20.8	-203.4320548062421
20.833333333333336	-192.29891008380207
20.866666666666667	-180.42755717524528
20.900000000000002	-168.02046799231658
20.933333333333334	-155.55213822107532
20.96666666666667	-143.4757185390328
21.0	-131.647526448137
21.033333333333335	-120.61130123568387
21.066666666666666	-110.54705761713467
21.1	-101.7113792543633
21.133333333333336	-94.0094017351181
21.166666666666668	-87.97307370887188
21.200000000000003	-83.55218641605802
21.233333333333334	-80.81587587750681
21.26666666666667	-79.7622548711397
21.3	-80.60246776657192
21.333333333333336	-83.19598700073266
21.366666666666667	-87.49769433183462
21.400000000000002	-93.38850122333031
21.433333333333334	-100.86030665354201
21.46666666666667	-109.7695508088205
21.5	-119.89805913555415
21.533333333333335	-130.66479790937115
21.566666666666666	-142.77514220788896
21.601666666666667	-155.0469041382255
21.635	-167.63523111630514
21.668333333333333	-179.89207087260684
21.701666666666668	-191.97703657390537
21.735000000000003	-203.6574782349885
21.768333333333334	-214.09386259417442
21.80166666666667	-223.5854836573538
21.835	-231.7586103384068
21.868333333333336	-238.42604161086223
21.901666666666667	-243.53457732061668
21.935000000000002	-246.82092202299202
21.968333333333334	-248.6667462943384
22.00166666666667	-248.72132174503128
22.035	-246.94901992162318
22.068333333333335	-243.78609751100907
22.101666666666667	-238.61885887895903
22.135	-231.94090527041504
22.168333333333333	-223.9060796298653
22.201666666666668	-214.70745656954364
22.235000000000003	-204.00550283112483
22.268333333333334	-192.9761567567644
22.30166666666667	-181.0870981285119
22.335	-168.90424805141203
22.368333333333336	-156.43815112296113
22.401666666666667	-144.4246449997072
22.435000000000002	-132.8392144232257
22.468333333333334	-121.75767331002396
22.50166666666667	-111.92840771776872
22.535	-102.9629518035274
22.568333333333335	-95.42438978135323
22.601666666666667	-89.46400102512246
22.635	-84.84809578707518
22.668333333333337	-81.83293055159493
22.701666666666668	-80.64901020668361
22.735000000000003	-81.22819725758364
22.768333333333334	-83.6859461479296
22.80166666666667	-87.69267987059555
22.835	-93.47476476822732
22.868333333333336	-100.6845165972685
22.901666666666667	-109.01373805275068
22.935000000000002	-118.79148686778535
22.968333333333334	-129.70654475744368
23.00166666666667	-141.02113137366513
23.035	-152.8619326895423
23.068333333333335	-165.3502719359176
23.101666666666667	-177.62908891050063
23.135	-189.67856877234283
23.168333333333337	-201.16418771455875
23.201666666666668	-211.62386286209164
23.235000000000003	-220.77003553944462
23.268333333333334	-228.88079937871578
23.30166666666667	-235.67330562465423
23.335	-240.94651223605746
23.368333333333336	-244.5836665057468
23.401666666666667	-246.65896494402983
23.435000000000002	-246.83877998257435
23.468333333333334	-245.4968455394344
23.50166666666667	-242.51734898913833
23.535	-237.59028731198504
23.568333333333335	-231.45299976653598
23.601666666666667	-223.68429866117788
23.635	-214.70291257165366
23.668333333333337	-204.73928940881
23.701666666666668	-193.52143662954762
23.735000000000003	-181.96188982062938
23.768333333333334	-169.95429890719447
23.80166666666667	-157.70999867524517
23.83666666666667	-145.7594853501517
23.87	-134.46561348799918
23.903333333333336	-123.61069345704294
23.936666666666667	-113.7815561437377
23.970000000000002	-104.8570985076243
24.003333333333334	-97.58115698445681
24.03666666666667	-91.50418272270224
24.07	-86.92732816829448
24.103333333333335	-83.86420528860128
24.136666666666667	-82.65913782598079
24.17	-82.98126979083236
24.203333333333333	-85.25773480617124
24.236666666666668	-89.14555902512313
24.270000000000003	-94.56814349041008
24.303333333333335	-101.57789070326112
24.33666666666667	-109.62746148052304
24.37	-119.17154400414086
24.403333333333336	-129.62818167667524
24.436666666666667	-140.57923990626693
24.470000000000002	-152.39147146355805
24.503333333333334	-164.69915653346436
24.53666666666667	-176.58869284351192
24.57	-188.39730191325236
24.603333333333335	-199.7478049013818
24.636666666666667	-210.11290894480362
24.67	-219.52916437288917
24.703333333333333	-227.7210180424235
24.736666666666668	-234.62662101671242
24.770000000000003	-239.8556345481548
24.803333333333335	-243.694192647997
24.83666666666667	-245.7919745623846
24.87	-246.10131187356728
24.903333333333336	-244.7495779965805
24.936666666666667	-241.79043047356083
24.970000000000002	-237.46595090482037
25.003333333333334	-231.5488037519242
25.03666666666667	-223.7567677758409
25.07	-215.11506968249756
25.103333333333335	-205.14167414935451
25.136666666666667	-194.19683550707668
25.17	-182.65579817470348
25.203333333333337	-170.8827420679579
25.236666666666668	-158.833799561972
25.270000000000003	-146.96690261029937
25.303333333333335	-135.58733087417716
25.33666666666667	-124.84678472255564
25.37	-114.85671979969209
25.403333333333336	-106.02759989335505
25.436666666666667	-98.63725879084927
25.470000000000002	-92.5058761523527
25.503333333333334	-87.85088027698691
25.53666666666667	-84.77016368051187
25.57	-83.39441382784503
25.603333333333335	-83.74206210047618
25.636666666666667	-85.674434898654
25.67	-89.3338620614162
25.703333333333337	-94.60525372277732
25.736666666666668	-101.37878993984839
25.770000000000003	-109.28465850804753
25.803333333333335	-118.82911553905501
25.83666666666667	-128.598563185753
25.87	-140.03865281815297
25.903333333333336	-151.50622499136722
25.936666666666667	-163.58644074823633
25.970000000000002	-175.2919216978072
26.003333333333334	-186.83907894421998
26.03666666666667	-197.96858834482896
26.07166666666667	-208.40998941945162
26.105	-217.9902053551515
26.138333333333335	-226.22881582983973
26.171666666666667	-233.26381133287975
26.205000000000005	-238.64820878768614
26.238333333333333	-242.5967859370826
26.27166666666667	-244.68729750198543
26.305000000000003	-244.99561685238888
26.338333333333335	-243.69980833108798
26.371666666666673	-240.88849497309042
26.405	-236.39002501889382
26.438333333333336	-230.6047546998371
26.471666666666668	-223.37431504073794
26.505000000000003	-214.93130988950526
26.538333333333334	-204.76319650098407
26.57166666666667	-194.64207116670758
26.605	-183.32472922991906
26.638333333333335	-171.88859996496615
26.671666666666667	-159.92042529055323
26.705000000000005	-148.17470267846528
26.738333333333333	-136.7990879634454
26.77166666666667	-125.94028935484414
26.805000000000003	-116.60635235727284
26.838333333333335	-107.71742691031471
26.871666666666673	-100.44412299138344
26.905	-94.24773189803568
26.938333333333336	-89.69415789855896
26.971666666666668	-86.5737114766589
27.005000000000003	-85.15507947736359
27.038333333333334	-85.29942798938413
27.07166666666667	-87.37889673378726
27.105	-90.81218850732421
27.138333333333335	-95.86052821493251
27.171666666666667	-102.58331950300834
27.205000000000005	-110.5252952256601
27.238333333333337	-119.76683445457797
27.27166666666667	-129.68166384658662
27.305000000000003	-140.44140370255923
27.338333333333335	-151.81386593221282
27.371666666666673	-163.56949981648881
27.405	-175.4072627992415
27.438333333333336	-186.83761518971698
27.471666666666668	-197.8221677485708
27.505000000000003	-207.8294414240757
27.538333333333334	-217.48968227078728
27.57166666666667	-225.63014377006618
27.605	-232.431647674844
27.638333333333335	-237.84525861757476
27.671666666666667	-241.75249460338478
27.705000000000005	-243.77710668696187
27.738333333333337	-244.44165137650435
27.77166666666667	-243.48139296186326
27.805000000000003	-240.79604339762756
27.838333333333335	-236.6166350107385
27.871666666666673	-230.86259422012336
27.905	-223.74390294001262
27.938333333333336	-215.46798171493253
27.971666666666668	-205.77781995528676
28.005000000000003	-195.4813484991903
28.038333333333334	-184.48988275995345
28.07166666666667	-173.21459364874664
28.105	-161.49058373478692
28.138333333333335	-149.78641801431314
28.171666666666667	-138.6742604469748
28.205000000000005	-127.83262841662741
28.238333333333337	-118.14881107204326
28.27166666666667	-109.37687782942578
28.30666666666667	-101.75314933289792
28.340000000000003	-95.61278234381325
28.373333333333335	-90.83740908314996
28.40666666666667	-87.62717749068247
28.44	-86.00020636604933
28.473333333333336	-85.96667110576777
28.506666666666668	-87.70049693711417
28.540000000000003	-90.87910453962047
28.573333333333334	-95.79743344110648
28.60666666666667	-102.09297444085018
28.64	-109.8358027867771
28.673333333333336	-118.52572837869536
28.706666666666667	-128.61092104230352
28.740000000000002	-138.914355447277
28.773333333333333	-150.10525072631572
28.80666666666667	-161.57041211323838
28.840000000000003	-173.54212694087892
28.873333333333335	-184.84230358347565
28.90666666666667	-195.84795621780074
28.94	-205.70170422659902
28.973333333333336	-215.50608527104288
29.006666666666668	-223.52521976361692
29.040000000000003	-230.6582660768952
29.073333333333334	-235.90499464393963
29.10666666666667	-239.93679038119382
29.14	-242.15795268987551
29.173333333333336	-242.75722307466418
29.206666666666667	-241.82110938017695
29.240000000000002	-239.53515278381957
29.273333333333337	-235.49792893727283
29.30666666666667	-229.8760119239405
29.340000000000003	-222.87330085228285
29.373333333333335	-214.75579974465194
29.40666666666667	-205.37612130731526
29.44	-195.37465920553586
29.473333333333336	-184.57738939369705
29.506666666666668	-173.39234488100357
29.540000000000003	-161.7392288998077
29.573333333333334	-150.48563979519645
29.60666666666667	-139.54748707841156
29.64	-129.20037828868522
29.673333333333336	-119.4673818318206
29.706666666666667	-110.66504093839046
29.740000000000002	-103.31033483384294
29.773333333333337	-97.01686865524425
29.80666666666667	-92.2418992416965
29.840000000000003	-88.94503514526241
29.873333333333335	-87.12669689576273
29.90666666666667	-86.86737792013548
29.94	-88.5313441686327
29.973333333333336	-91.65928820651561
30.006666666666668	-96.1582569067225
30.040000000000003	-102.02929961085931
30.073333333333334	-109.34335461496244
30.10666666666667	-117.75774440251274
30.14	-127.40223395465239
30.173333333333336	-137.63110191271312
30.206666666666667	-148.62416132577505
30.240000000000002	-159.7829053204954
30.273333333333337	-171.26236368595983
30.30666666666667	-182.25257639116938
30.340000000000003	-192.77034738216634
30.373333333333335	-202.70029439829568
30.40666666666667	-211.76510851367811
30.44	-219.79383824306996
30.473333333333336	-226.73739663357821
30.506666666666668	-232.56357178359826
30.541666666666668	-236.7197489307431
30.575000000000003	-239.4256030038194
30.608333333333334	-240.54207469705204
30.64166666666667	-239.90337169255673
30.675	-237.7547746863887
30.708333333333336	-233.8692476540652
30.741666666666667	-228.7192113061683
30.775000000000002	-221.98011832760278
30.808333333333334	-214.473664634611
30.84166666666667	-205.62350006714775
30.875000000000004	-195.8733032379174
30.908333333333335	-185.6994454958214
30.94166666666667	-175.010598260025
30.975	-163.92111872231578
31.008333333333336	-152.9988717446126
31.041666666666668	-142.57479498112951
31.075000000000003	-132.59547609524964
31.108333333333334	-123.07377768132972
31.14166666666667	-114.75322094926287
31.175	-107.3304336219586
31.208333333333336	-101.30314773532257
31.241666666666667	-96.54263218890458
31.275000000000002	-92.96406125196029
31.308333333333334	-90.90574439695968
31.34166666666667	-90.46042941417983
31.375000000000004	-91.55515717671153
31.408333333333335	-94.01035720409993
31.44166666666667	-97.93340074812409
31.475	-103.55459484135417
31.508333333333336	-110.33246438359231
31.541666666666668	-118.45798921547782
31.575000000000003	-127.61696950037026
31.608333333333334	-137.40722400123872
31.64166666666667	-148.3755066443228
31.675	-159.35569681258607
31.708333333333336	-170.5775337476481
31.741666666666667	-181.26565795034753
31.775000000000002	-191.75548606287725
31.808333333333337	-201.7027354833088
31.84166666666667	-210.71670743351888
31.875000000000004	-218.72199397862232
31.908333333333335	-225.75972167090072
31.94166666666667	-231.51107595297958
31.975	-235.80324118969958
32.00833333333333	-238.5998965669362
32.04166666666667	-239.71102485379163
32.075	-239.26473694486117
32.108333333333334	-237.37694444532121
32.141666666666666	-233.84903416997838
32.175000000000004	-228.77996676456553
32.208333333333336	-222.6562049831843
32.24166666666667	-215.18362797820544
32.275	-206.44465731294554
32.30833333333334	-196.76749936331953
32.34166666666667	-186.5800343123015
32.375	-175.99449867633336
32.40833333333334	-165.52197122745133
32.44166666666667	-154.62835952170343
32.475	-144.21101762524614
32.50833333333333	-134.29959109597462
32.54166666666667	-124.73617333877519
32.575	-116.53760756883719
32.608333333333334	-108.85925335526065
32.641666666666666	-102.72984790236012
32.675000000000004	-97.6783191738507
32.708333333333336	-94.07237907055531
32.74333333333333	-91.878942980999
32.77666666666667	-91.38896159783383
32.81	-92.62308388532551
32.843333333333334	-95.31659253802314
32.87666666666667	-99.46253099521323
32.91000000000001	-104.86420516444025
32.943333333333335	-111.63365021889251
32.97666666666667	-119.41665317078105
33.010000000000005	-128.24170862670525
33.04333333333334	-137.8990694709605
33.07666666666667	-148.14285649272858
33.11	-158.5821938314856
33.14333333333334	-169.26630398848442
33.17666666666667	-179.66890951910761
33.21	-189.91894952026553
33.24333333333333	-199.67281015352467
33.27666666666667	-208.70041063958968
33.31	-216.75552301851656
33.343333333333334	-223.7514509874037
33.37666666666667	-229.47995620639028
33.41000000000001	-233.84261911284528
33.443333333333335	-236.65303066509142
33.47666666666667	-237.8735360606624
33.510000000000005	-237.72959734741568
33.54333333333334	-235.90819117758156
33.57666666666667	-232.71498708763198
33.61	-227.97148636733715
33.64333333333334	-221.9152391030376
33.67666666666667	-214.58751170247444
33.71	-206.2248806640879
33.74333333333333	-197.03080971471002
33.77666666666667	-187.01141591950125
33.81	-176.55545764637122
33.843333333333334	-165.67509998922947
33.87666666666667	-155.02157685447094
33.91000000000001	-144.58557145923822
33.943333333333335	-134.53889726241516
33.97666666666667	-125.44814916693963
34.010000000000005	-116.88332597619092
34.04333333333334	-109.66753156001931
34.07666666666667	-103.42879441797686
34.11	-98.5973565811563
34.14333333333334	-95.02121760024465
34.17666666666667	-92.80616964990872
34.21	-92.37552003582914
34.24333333333333	-93.39688624455374
34.27666666666667	-95.75952840297452
34.31	-99.66536901785514
34.343333333333334	-104.74695709612024
34.37666666666667	-111.07942875344713
34.41000000000001	-118.63468630102784
34.443333333333335	-126.89026400346154
34.47666666666667	-136.1522033214211
34.510000000000005	-146.39385220947145
34.54333333333334	-156.88922284622515
34.57666666666667	-167.31089584297376
34.61	-177.97901453103566
34.64333333333334	-188.3241527840196
34.67666666666667	-198.27353350250598
34.71	-207.54237717058794
34.74333333333333	-215.76084546084923
34.77666666666667	-222.52283095158367
34.81	-228.39733336880613
34.843333333333334	-232.8050417098372
34.87666666666667	-235.7539752009751
34.91000000000001	-237.09784508675045
34.943333333333335	-236.81043591721573
34.97833333333334	-235.3085243686205
35.01166666666667	-232.5589458075458
35.045	-227.84179638756478
35.07833333333333	-222.07922572444193
35.11166666666667	-214.83148016927112
35.145	-206.73191603990222
35.178333333333335	-197.6530969290286
35.211666666666666	-187.81606814013924
35.245000000000005	-177.64751576873425
35.278333333333336	-167.1521832340702
35.31166666666667	-156.58288567309035
35.345	-146.0341136917478
35.37833333333334	-136.0281538878267
35.41166666666667	-126.67739943232732
35.445	-118.29794799666246
35.47833333333334	-110.74680097553119
35.51166666666667	-104.57010157350203
35.545	-99.5874293679924
35.57833333333333	-95.82950925142819
35.61166666666667	-93.61899164867361
35.645	-92.83787816576285
35.678333333333335	-93.65604819403069
35.711666666666666	-95.81844434466325
35.745000000000005	-99.62777171400256
35.778333333333336	-104.63735570237623
35.81166666666667	-110.89134633414074
35.845	-118.31096477468577
35.87833333333334	-126.69433568579382
35.91166666666667	-135.9775077651842
35.945	-145.84515104984712
35.97833333333334	-156.14807881168224
36.01166666666667	-166.5670936168234
36.045	-176.88176729373242
36.07833333333333	-187.01017911894996
36.11166666666667	-196.7251959529217
36.145	-205.70811112420068
36.178333333333335	-213.8125413103204
36.211666666666666	-220.89132078154034
36.245000000000005	-226.66440308671633
36.278333333333336	-231.13486525156725
36.31166666666667	-234.0220391398227
36.345	-235.61712083158574
36.37833333333334	-235.72638396992335
36.41166666666667	-234.5655086780024
36.445	-231.70828052856575
36.47833333333334	-227.5821170592984
36.51166666666667	-221.7861347493225
36.545	-214.900794421194
36.57833333333333	-206.77736898767898
36.61166666666667	-197.73346875394122
36.645	-187.90574879589508
36.678333333333335	-177.73055379015898
36.711666666666666	-167.48488595361266
36.745000000000005	-156.76916792439323
36.778333333333336	-146.68020783370366
36.81166666666667	-136.71200341721504
36.845	-127.47418528710455
36.87833333333334	-118.85485282889363
36.91166666666667	-111.59731643967257
36.945	-105.36189506774656
36.97833333333334	-100.46750558165138
37.01166666666667	-96.77762042507635
37.045	-94.60119228296537
37.07833333333333	-93.74290231108046
37.11166666666667	-94.48097118654903
37.145	-96.62361887713553
37.18	-100.05642543167733
37.21333333333334	-104.82287832854428
37.24666666666667	-110.89034297341652
37.28	-117.98411312711187
37.31333333333333	-126.54891934607235
37.34666666666667	-135.32543632248797
37.38	-144.95150396065662
37.413333333333334	-154.886640860164
37.44666666666667	-165.46065044322296
37.480000000000004	-175.5115730309999
37.513333333333335	-185.81560286803528
37.54666666666667	-195.5802692512729
37.580000000000005	-204.6439439704427
37.61333333333334	-212.73651600356033
37.64666666666667	-219.72289284026817
37.68	-225.70896194109582
37.71333333333334	-230.45879217736245
37.74666666666667	-233.64347463712772
37.78	-235.3606429910123
37.81333333333333	-235.60655898938825
37.84666666666667	-234.43612679309416
37.88	-231.72567726867032
37.913333333333334	-227.60373312235004
37.94666666666667	-221.99827196817057
37.980000000000004	-215.1075548054564
38.013333333333335	-207.37148131193578
38.04666666666667	-198.56705823416962
38.080000000000005	-188.88358769653934
38.11333333333334	-178.80458620191257
38.14666666666667	-168.61983572899464
38.18	-158.29155310355281
38.21333333333334	-147.95328696571323
38.24666666666667	-138.35592183950894
38.28	-128.96469820413688
38.31333333333333	-120.62980360633367
38.34666666666667	-113.08118588116133
38.38	-106.75439432461087
38.413333333333334	-101.7115415400682
38.44666666666667	-97.91136181331774
38.480000000000004	-95.53806988676286
38.513333333333335	-94.67650916230718
38.54666666666667	-95.35196946971473
38.580000000000005	-97.49875355824975
38.61333333333334	-100.82739697782824
38.64666666666667	-105.63335150068582
38.68	-111.60188930337483
38.71333333333334	-118.70276173833463
38.74666666666667	-126.7816013823408
38.78	-135.5893122107301
38.81333333333333	-145.498714516316
38.84666666666667	-155.52243267701533
38.88	-165.47417600065046
38.913333333333334	-175.77385533327242
38.94666666666667	-185.6898047377012
38.980000000000004	-195.08177062913842
39.013333333333335	-203.8254180949961
39.04666666666667	-211.82033718776233
39.080000000000005	-218.88414551459573
39.11333333333334	-224.82141838143832
39.14666666666667	-229.54198869404536
39.18	-232.77216057882134
39.21333333333334	-234.58653481075044
39.24666666666667	-234.80164200528134
39.28	-233.73517581008724
39.31333333333333	-231.2816620040187
39.34666666666667	-227.24761050829272
39.38	-222.02373717443464
39.413333333333334	-215.1809843804446
39.44833333333334	-206.96158805348279
39.48166666666667	-198.2412219035313
39.515	-188.98611107894033
39.54833333333334	-179.04857179695392
39.58166666666667	-169.00590066969295
39.615	-158.59033104565856
39.64833333333333	-148.58067725699846
39.68166666666667	-138.77910848910983
39.715	-129.53885360526095
39.748333333333335	-121.51081266534379
39.781666666666666	-113.88283160063969
39.815000000000005	-107.70488908923448
39.848333333333336	-102.69992185344552
39.88166666666667	-98.856248156368
39.915	-96.45025344492899
39.94833333333334	-95.57249905006472
39.98166666666667	-95.95593270679501
40.015	-97.7791416397447
40.04833333333334	-100.97119977543372
40.08166666666667	-105.6209996845883
40.115	-111.5525114179959
40.14833333333333	-118.46944347482167
40.18166666666667	-126.74932869163104
40.215	-135.43136321235363
40.248333333333335	-144.76113597646827
40.281666666666666	-154.67388372570633
40.315000000000005	-164.86586449510997
40.348333333333336	-175.17495077792807
40.38166666666667	-184.7521861581742
40.415	-194.2625135649743
40.44833333333334	-203.0669396931679
40.48166666666667	-211.07301918462662
40.515	-218.06595401588993
40.54833333333334	-223.74472913157456
40.58166666666667	-228.57223071634633
40.615	-231.77007180572946
40.64833333333333	-233.65388707087777
40.68166666666667	-233.9116180496917
40.715	-232.76129354436353
40.748333333333335	-230.22740592609813
40.781666666666666	-226.46941676605752
40.815000000000005	-220.9148693804035
40.848333333333336	-214.44895076131206
40.88166666666667	-206.8980665432847
40.915	-198.417888746173
40.94833333333334	-189.11510479142999
40.98166666666667	-179.26923578182107
41.015	-169.19797835502663
41.04833333333334	-159.22447046212278
41.08166666666667	-149.4825560722545
41.115	-139.79780759624555
41.14833333333333	-130.6018033204001
41.18166666666667	-122.45804823765906
41.215	-114.94256281424384
41.248333333333335	-108.66841558409703
41.281666666666666	-103.63756469893792
41.315000000000005	-99.77908591624822
41.348333333333336	-97.22884625813418
41.38166666666667	-96.2411347090225
41.415	-96.7119894928511
41.44833333333334	-98.60722026439817
41.48166666666667	-101.7022669304535
41.515	-106.14816371404225
41.54833333333334	-111.7533264123316
41.58166666666667	-118.585738023786
41.615	-126.44405222828988
41.650000000000006	-135.28666462038302
41.68333333333334	-144.70655648777472
41.71666666666667	-154.63039595782163
41.75	-164.68775435550833
41.78333333333334	-174.8313957174961
41.81666666666667	-184.67811079457914
41.85	-193.99386432348058
41.88333333333333	-202.79114416069632
41.91666666666667	-210.78987498920156
41.95	-217.81582169060187
41.983333333333334	-223.63602248455868
42.01666666666667	-228.3641908953203
42.050000000000004	-231.56059295080956
42.083333333333336	-233.27473772257554
42.11666666666667	-233.71677276997087
42.150000000000006	-232.57059605285804
42.18333333333334	-229.84109413068438
42.21666666666667	-226.16935896699215
42.25	-220.71902587770649
42.28333333333334	-214.63974015740263
42.31666666666667	-207.04225159418627
42.35	-198.64457033910423
42.38333333333333	-189.57837352251295
42.41666666666667	-180.1394775952699
42.45	-170.42778848049375
42.483333333333334	-160.3952370602687
42.51666666666667	-150.6443684993327
42.550000000000004	-140.81743959874603
42.583333333333336	-131.60342763666426
42.61666666666667	-123.57016557028896
42.650000000000006	-115.85626524150939
42.68333333333334	-109.71088825826007
42.71666666666667	-104.62761364611026
42.75	-100.71809370175731
42.78333333333334	-98.09500045842992
42.81666666666667	-96.83147866869183
42.85	-97.06412709741488
42.88333333333333	-98.6577753393658
42.91666666666667	-101.5543830954133
42.95	-105.6302435097021
42.983333333333334	-110.79964383006978
43.01666666666667	-117.54251237319596
43.050000000000004	-124.74611761057258
43.083333333333336	-133.49613739509476
43.11666666666667	-142.3913964034706
43.150000000000006	-151.93714935588503
43.18333333333334	-161.83263877383342
43.21666666666667	-172.1102636829665
43.25	-181.68930658425228
43.28333333333334	-190.94216173030566
43.31666666666667	-199.93921133331128
43.35	-208.1557557078978
43.38333333333333	-215.53155942276402
43.41666666666667	-221.43434904665799
43.45	-226.40195139517328
43.483333333333334	-229.84910315255223
43.51666666666667	-231.72351521478163
43.550000000000004	-232.3409453670252
43.583333333333336	-231.5890627143213
43.61666666666667	-229.46433431443916
43.650000000000006	-225.73113193760435
43.68333333333334	-220.7675599618084
43.71666666666667	-214.63078267703912
43.75	-207.67266366887117
43.78333333333334	-199.7115394550786
43.81666666666667	-190.8905067204978
43.85166666666667	-181.65761936036552
43.885000000000005	-171.88659777128498
43.91833333333334	-161.9167546944949
43.95166666666667	-152.63369217550786
43.985	-142.8348511108823
44.01833333333334	-133.90608616848647
44.05166666666667	-125.75134888460184
44.085	-118.51839191876047
44.11833333333335	-111.92164714137402
44.15166666666667	-106.63014659459725
44.185	-102.55749061484732
44.218333333333334	-99.69550432890344
44.25166666666667	-98.1838873284288
44.28500000000001	-97.82661319141414
44.318333333333335	-99.18094584415564
44.35166666666667	-101.70521806146746
44.385000000000005	-105.70460168057298
44.41833333333334	-110.84676987225123
44.45166666666667	-117.12333277164873
44.485	-124.48838928031307
44.51833333333334	-132.68218344195998
44.55166666666667	-141.50739483156337
44.585	-150.96010660342245
44.61833333333335	-160.68249597218357
44.65166666666667	-170.69338192785978
44.685	-180.5212066625353
44.718333333333334	-189.89558873759398
44.75166666666667	-198.77182617210167
44.78500000000001	-206.8542013918625
44.818333333333335	-214.06132754698353
44.85166666666667	-220.25694558559064
44.885000000000005	-224.9137489982205
44.91833333333334	-228.48956303142188
44.95166666666667	-230.64032823512775
44.985	-231.3751753297264
45.01833333333334	-230.69907345906688
45.05166666666667	-228.6171868006757
45.085	-224.96337938311262
45.11833333333335	-220.29546075207736
45.15166666666667	-214.36670118344915
45.185	-207.63299520525874
45.218333333333334	-199.64199548112077
45.25166666666667	-190.95193025428182
45.28500000000001	-181.86699338759797
45.318333333333335	-171.9990496855002
45.35166666666667	-162.63194788745153
45.385000000000005	-152.9526958143291
45.41833333333334	-143.6597191851543
45.45166666666667	-134.78032481197306
45.485	-126.52234284459041
45.51833333333334	-119.126753047124
45.55166666666667	-112.66066404682351
45.585	-107.43397669548119
45.61833333333335	-103.05740659306514
45.65166666666667	-99.99740744504442
45.685	-98.5096883303271
45.718333333333334	-98.4079390050656
45.75166666666667	-99.62107810659154
45.78500000000001	-102.02306914254547
45.818333333333335	-105.73827904043685
45.85166666666667	-110.73959599447267
45.885000000000005	-116.8934313413776
45.91833333333334	-124.23819631017193
45.95166666666667	-132.52262372070186
45.985	-141.5037537863426
46.01833333333334	-150.92553699559085
46.05166666666667	-160.63922341436296
46.085	-170.60713079390655
46.120000000000005	-180.2373426097958
46.153333333333336	-189.67625747603824
46.18666666666667	-198.6177700147557
46.220000000000006	-206.69221944072729
46.25333333333334	-213.83045351620586
46.28666666666667	-219.71893254440283
46.32	-224.67837016420276
46.35333333333334	-227.9877781375783
46.38666666666667	-230.04885281469558
46.42	-230.72617391421807
46.45333333333333	-229.86563069910483
46.48666666666667	-227.797134077196
46.52	-224.61940725246757
46.553333333333335	-219.7666761059529
46.58666666666667	-213.80044602848864
